140
  149
  156
  158
  163
  170
  176
  178
  180
  182
  184
  186
  187
  189
  191
  192
  197
  198
  199
  200
  201
  202
  203
  204
  205
  206
  207
  213
  214
  215
  216
  217
  218
  219
  220
  221
  222
  223
  224
  225
  226
  227
  228
  229
  230
  231
  232
  233
  234
  235
  236
  237
  238
  239
  240
  244
  245
  246
  247
  248
  250
  252
  254
  256
  258
  261
  262
  263
  264
  265
  266
  267
  268
  269
  270
  271
  272
  273
  274
  275
  276
  277
  278
  279
  280
  281
  282
  283
  284
  287
  289
  290
  291
  292
  293
  294
  295
  296
  297
  298
  299
  300
  301
  302
  303
  304
  305
  306
  307
  308
  310
  312
  314
  316
  318
  323
  325
  327
  329
  331
  333
  336
  339
  347
  349
  351
  353
  357
  359
  363
  365
  378
  395
  397
  412
  419
  423
  425
  429
  437
  439


 0 1 1 0 1 1 0 0 0 0 0 1 1 0 0 1 0 0 1 1 1 1 1 1 0 1 1 1 0 1 0 1 1 0 1 1 0 0 0 1 0 1 0 1 1 1 0 1 0 0 1 1 0 0 1 0 1 1 0 1 1 0 1 0 1 0 0 0 0 1 1 0 0 0 0 1 1 1 1 1 1 0 0 1 1 1 1 0 0 1 0 0 1 1 0 1 1 1 0 1 1 0 0 0 0 0 1 1 1 0 1 1 1 0 0 1 1 0 1 1 0 0 0 1 0 0 0 0 0 1 0 0 0 1 0 0 0 0 0 1
 1 1 1 0 1 1 0 0 0 0 0 1 0 1 1 1 0 0 0 1 1 1 1 1 1 0 1 1 1 0 1 0 1 1 0 1 1 0 0 0 1 0 1 0 1 1 1 0 1 0 0 1 1 0 0 1 1 1 1 0 1 1 1 0 0 1 1 1 0 0 1 1 0 0 0 0 1 1 1 1 1 1 0 0 1 1 1 1 1 1 0 0 0 1 1 0 1 1 1 0 1 1 0 0 0 0 0 1 1 1 1 1 1 1 0 1 0 1 1 0 0 0 0 1 1 0 0 0 1 1 1 0 0 1 1 1 0 0 1 1
 1 0 1 0 1 1 1 0 0 1 0 0 0 1 1 0 1 0 0 0 1 1 1 1 1 1 0 0 1 1 0 1 0 1 1 0 1 1 0 0 0 1 0 1 0 1 1 1 0 1 0 0 1 1 1 1 1 1 1 1 1 0 0 0 1 1 0 1 1 0 0 1 1 0 0 0 0 1 1 1 1 1 1 0 0 1 1 1 1 1 1 0 0 0 1 1 0 1 1 1 0 1 1 0 0 0 0 0 1 0 1 1 1 0 0 1 1 1 0 1 0 0 1 1 0 0 0 0 1 1 1 1 1 1 1 0 1 1 1 1
 1 0 1 0 0 1 0 0 1 0 0 1 1 0 0 1 1 1 0 0 0 1 1 1 1 1 1 1 0 1 1 0 1 0 1 1 0 1 1 0 0 0 1 0 1 0 1 1 1 0 1 0 0 1 0 0 1 0 0 0 1 1 0 0 1 0 1 1 1 1 0 0 1 1 0 0 0 0 1 1 1 1 1 1 0 0 1 1 1 1 1 1 0 0 0 1 1 0 1 1 1 0 1 1 0 0 0 0 1 0 0 1 1 0 0 1 1 0 1 0 0 0 0 0 0 0 0 0 0 0 0 1 1 0 0 0 0 0 0 0
 0 1 1 0 1 1 1 0 0 0 0 1 0 0 1 1 0 1 1 0 0 0 1 1 1 1 1 1 1 0 1 1 0 1 0 1 1 0 1 1 0 0 0 1 0 1 0 1 1 1 0 1 0 0 1 1 1 1 0 1 1 0 1 0 1 0 1 0 1 1 1 0 0 1 1 0 0 0 0 1 1 1 1 1 1 0 0 1 1 1 1 1 1 0 0 0 1 1 0 1 1 1 0 1 1 0 0 0 1 1 1 1 0 1 0 1 0 1 1 0 0 0 0 1 1 0 0 0 0 1 0 1 1 1 0 1 0 0 0 1
 0 1 1 1 1 1 1 0 1 1 1 0 0 0 1 1 1 0 1 1 0 0 0 1 1 1 1 1 1 1 0 1 1 0 1 0 1 1 0 1 1 0 0 0 1 0 1 0 1 1 1 0 1 0 1 1 1 0 1 1 1 0 1 0 1 1 0 0 0 0 1 1 0 0 1 1 0 0 0 0 1 1 1 1 1 1 0 0 1 1 1 1 1 1 0 0 0 1 1 0 1 1 1 0 1 1 0 0 0 1 1 0 0 0 0 0 0 1 0 1 0 0 0 1 1 0 1 0 0 0 0 1 1 0 0 0 0 0 0 0
 1 0 1 1 1 1 1 1 1 1 1 0 1 0 0 1 1 1 0 1 1 0 0 0 1 1 1 1 1 1 1 0 1 1 0 1 0 1 1 0 1 1 0 0 0 1 0 1 0 1 1 1 0 1 1 0 0 0 0 1 1 1 1 0 1 0 0 1 1 0 0 1 1 0 0 1 1 0 0 0 0 1 1 1 1 1 1 0 1 1 0 1 1 1 1 0 0 0 1 1 0 1 1 1 0 1 1 0 1 1 0 0 1 1 1 1 1 0 0 1 0 0 0 0 1 0 1 1 0 0 0 1 1 0 0 0 0 1 0 0
 1 1 1 1 1 1 1 0 1 0 1 1 1 0 0 1 0 1 1 0 1 1 0 0 0 1 1 1 1 1 1 1 0 1 1 0 1 0 1 1 0 1 1 0 0 0 1 0 1 0 1 1 1 0 1 1 0 1 0 1 1 0 1 0 1 0 0 0 0 1 0 0 1 1 0 0 1 1 0 0 0 0 1 1 1 1 1 1 0 1 0 0 1 1 1 1 0 0 0 1 1 0 1 1 1 0 1 1 0 0 1 0 1 0 0 0 0 0 1 1 0 0 0 1 0 0 1 0 0 0 0 0 0 0 0 0 0 0 0 0
 1 0 1 1 1 1 1 0 0 1 0 1 1 0 1 1 0 0 1 1 0 1 1 0 0 0 1 1 1 1 1 1 1 0 1 1 0 1 0 1 1 0 1 1 0 0 0 1 0 1 0 1 1 1 1 0 0 1 1 1 1 0 0 0 1 0 0 1 0 0 1 0 0 1 1 0 0 1 1 0 0 0 0 1 1 1 1 1 1 1 1 0 0 1 1 1 1 0 0 0 1 1 0 1 1 1 0 1 0 1 0 1 1 0 1 0 0 0 0 1 0 0 0 0 1 0 1 1 1 1 1 0 0 1 1 0 0 0 1 1
 0 0 1 1 1 1 1 0 0 0 1 0 0 1 1 1 1 0 0 1 1 0 1 1 0 0 1 0 1 1 1 1 1 1 0 1 1 0 1 0 1 1 0 1 1 0 0 0 1 0 1 0 1 1 1 0 0 0 0 1 1 1 0 0 1 1 1 0 0 1 0 1 0 0 1 1 0 0 1 1 0 0 0 0 1 1 1 1 1 1 1 1 0 0 1 1 1 1 0 0 0 1 1 0 1 1 1 0 0 0 1 0 1 0 1 0 0 1 1 0 0 0 1 1 0 0 0 1 1 1 1 0 0 1 1 1 1 1 1 1
 1 0 1 1 1 1 0 0 1 0 1 0 1 0 0 1 1 1 0 0 1 1 0 1 1 0 1 0 0 1 1 1 1 1 1 0 1 1 0 1 0 1 1 0 1 1 0 0 0 1 0 1 0 1 1 0 0 0 1 1 1 1 1 0 1 0 0 0 0 1 1 0 1 0 0 1 1 0 0 1 1 0 0 0 0 1 1 1 1 1 1 1 1 0 0 1 1 1 1 0 0 0 1 1 0 1 1 1 0 0 0 0 0 1 0 0 1 0 1 1 0 0 0 0 0 0 0 0 0 0 0 1 1 0 0 0 0 0 0 0
 1 1 1 1 1 1 0 1 0 1 0 0 1 0 0 1 0 1 1 0 0 1 1 0 1 1 1 0 0 0 1 1 1 1 1 1 0 1 1 0 1 0 1 1 0 1 1 0 0 0 1 0 1 0 1 1 1 0 0 1 1 1 1 0 1 1 0 0 1 1 1 1 0 1 0 0 1 1 0 0 1 1 0 0 0 0 1 1 1 1 1 1 1 1 0 0 1 1 1 1 0 0 0 1 1 0 1 1 0 0 1 1 1 1 0 0 0 0 0 1 0 0 0 1 0 0 0 0 1 1 1 1 1 1 1 0 0 0 1 1
 1 1 1 1 0 1 0 1 1 1 1 0 0 0 0 1 0 0 1 1 0 0 1 1 0 1 1 1 0 0 0 1 1 1 1 1 1 0 1 1 0 1 0 1 1 0 1 1 0 0 0 1 0 1 1 1 0 1 1 1 1 0 1 0 1 1 1 1 1 0 1 1 1 0 1 0 0 1 1 0 0 1 1 0 0 0 0 1 1 1 1 1 1 1 1 0 0 1 1 1 1 0 0 0 1 1 0 1 1 0 0 0 1 1 1 1 1 1 0 1 0 0 0 0 0 0 0 1 1 1 1 0 0 1 1 0 0 1 1 1
 1 0 1 1 1 1 0 0 1 1 0 0 0 1 0 1 0 0 0 1 1 0 0 1 1 0 1 1 1 0 0 0 1 1 1 1 1 1 0 1 1 0 1 0 1 1 0 1 1 0 0 0 1 0 1 0 1 1 1 1 1 0 1 0 1 1 1 1 0 1 0 1 1 1 0 1 0 0 1 1 0 0 1 1 0 0 0 0 1 1 1 1 1 1 1 1 0 0 1 1 1 1 0 0 0 1 1 0 1 1 0 1 1 0 1 1 1 1 0 0 0 0 0 0 1 0 0 1 1 0 1 0 0 0 1 0 1 0 1 0
 0 1 1 1 0 1 1 0 0 0 1 0 0 0 0 1 0 0 0 0 1 1 0 0 1 1 1 0 1 1 0 0 0 1 1 1 1 1 1 0 1 1 0 1 0 1 1 0 1 1 0 0 0 1 1 0 1 0 1 1 1 0 0 0 1 0 1 0 0 0 1 0 1 1 1 0 1 0 0 1 1 0 0 1 1 0 0 0 1 1 0 1 1 1 1 1 1 0 0 1 1 1 1 0 0 0 1 1 1 1 1 0 0 0 0 1 1 1 1 0 0 0 0 1 1 0 0 0 0 0 0 0 0 0 0 1 0 0 0 0
 1 0 1 0 1 1 0 1 1 1 0 1 0 1 0 1 0 0 0 0 0 1 1 0 0 1 1 1 0 1 1 0 0 0 1 1 1 1 1 1 0 1 1 0 1 0 1 1 0 1 1 0 0 0 1 0 0 0 0 0 1 0 1 0 0 0 0 1 1 1 0 1 0 1 1 1 0 1 0 0 1 1 0 0 1 1 0 0 0 1 0 0 1 1 1 1 1 1 0 0 1 1 1 1 0 0 0 1 1 0 0 1 0 1 1 1 1 1 0 1 0 0 0 0 0 0 0 1 1 1 1 0 0 1 1 0 0 1 1 1
 0 1 1 1 1 1 1 1 1 1 1 1 0 1 1 1 0 0 0 0 0 0 1 1 0 0 1 1 1 0 1 1 0 0 0 1 1 1 1 1 1 0 1 1 0 1 0 1 1 0 1 1 0 0 1 1 0 1 1 1 1 1 1 0 1 1 1 1 0 0 1 0 1 0 1 1 1 0 1 0 0 1 1 0 0 1 1 0 1 1 0 0 0 1 1 1 1 1 1 0 0 1 1 1 1 0 0 0 0 1 1 0 1 0 0 0 1 1 0 1 0 0 0 1 1 0 0 0 1 1 1 0 0 1 1 0 0 0 1 1
 0 0 1 1 1 1 0 1 0 1 1 1 1 0 1 0 1 0 0 0 0 0 0 1 1 0 0 0 1 1 0 1 1 0 0 0 1 1 1 1 1 1 0 1 1 0 1 0 1 1 0 1 1 0 1 1 0 0 0 0 0 0 0 0 0 0 0 0 0 0 0 1 0 1 0 1 1 1 0 1 0 0 1 1 0 0 1 1 1 1 0 0 0 0 1 1 1 1 1 1 0 0 1 1 1 1 0 0 0 0 0 0 1 0 0 0 1 0 0 1 1 0 1 0 0 0 1 0 0 1 0 1 1 1 0 0 0 0 0 1
 0 1 1 1 1 1 0 1 1 0 1 1 1 0 1 1 1 1 0 0 0 0 0 0 1 1 1 0 0 1 1 0 1 1 0 0 0 1 1 1 1 1 1 0 1 1 0 1 0 1 1 0 1 1 0 0 0 0 0 0 1 1 0 0 1 1 0 1 1 0 0 0 1 0 1 0 1 1 1 0 1 0 0 1 1 0 0 1 1 1 1 0 0 0 0 1 1 1 1 1 1 0 0 1 1 1 1 0 0 1 1 0 1 1 0 0 0 0 1 0 0 0 1 1 1 0 1 0 0 1 0 1 1 1 0 0 0 0 0 1
 1 1 1 0 1 1 1 0 0 0 0 1 1 0 1 1 1 1 1 0 0 0 0 0 0 1 1 1 0 0 1 1 0 1 1 0 0 0 1 1 1 1 1 1 0 1 1 0 1 0 1 1 0 1 1 0 1 0 1 1 1 0 0 0 1 0 0 0 0 1 0 0 0 1 0 1 0 1 1 1 0 1 0 0 1 1 0 0 1 1 1 1 0 0 0 0 1 1 1 1 1 1 0 0 1 1 1 1 1 1 0 1 0 1 0 1 0 0 1 1 0 0 0 0 1 0 0 0 0 1 0 0 0 1 0 0 1 0 0 1
 0 0 1 1 0 0 0 1 0 0 1 0 1 1 1 1 1 1 1 1 0 0 0 0 0 0 1 1 1 0 0 1 1 0 1 1 0 0 0 1 1 1 1 1 1 0 1 1 0 1 0 1 1 0 1 0 0 1 1 1 1 1 0 0 1 0 0 0 1 1 1 0 0 0 1 0 1 0 1 1 1 0 1 0 0 1 1 0 1 1 0 1 1 0 0 0 0 1 1 1 1 1 1 0 0 1 1 1 0 0 0 0 1 1 1 0 1 0 1 0 0 0 0 0 0 0 1 1 1 0 1 1 1 0 1 0 0 0 1 0
 1 1 1 1 1 0 0 0 0 1 0 1 1 1 0 1 1 1 1 1 1 0 0 0 0 0 0 0 1 1 0 0 1 1 0 1 1 0 0 0 1 1 1 1 1 1 0 1 1 0 1 0 1 1 1 0 0 0 0 1 1 1 1 0 1 0 1 0 0 0 1 1 0 0 0 1 0 1 0 1 1 1 0 1 0 0 1 1 0 1 0 0 1 1 0 0 0 0 1 1 1 1 1 1 0 0 1 1 1 1 0 1 1 1 1 1 0 0 0 1 0 0 1 0 1 0 1 1 1 0 1 1 1 0 1 0 0 1 1 0
 1 1 1 0 1 1 1 0 0 0 1 0 1 0 1 1 0 1 1 1 1 1 0 0 0 0 1 0 0 1 1 0 0 1 1 0 1 1 0 0 0 1 1 1 1 1 1 0 1 1 0 1 0 1 1 1 1 1 0 1 1 1 1 0 1 1 1 1 1 1 0 1 1 0 0 0 1 0 1 0 1 1 1 0 1 0 0 1 1 1 1 0 0 1 1 0 0 0 0 1 1 1 1 1 1 0 0 1 1 0 1 0 1 1 1 1 1 0 1 1 0 0 0 1 0 0 0 1 1 0 1 1 1 0 1 0 0 0 1 0
 1 1 1 1 1 1 1 0 1 0 0 0 1 0 0 1 1 0 1 1 1 1 1 0 0 0 1 0 0 0 1 1 0 0 1 1 0 1 1 0 0 0 1 1 1 1 1 1 0 1 1 0 1 0 1 1 1 1 0 1 1 1 1 0 1 1 0 1 1 1 1 0 1 1 0 0 0 1 0 1 0 1 1 1 0 1 0 0 1 1 1 1 0 0 1 1 0 0 0 0 1 1 1 1 1 1 0 0 1 1 0 1 1 0 1 1 0 0 1 1 0 0 1 0 1 0 1 1 1 1 1 0 0 1 1 0 0 1 1 1
 1 1 1 1 1 1 0 1 1 0 0 1 0 0 0 1 0 1 0 1 1 1 1 1 0 0 1 0 0 0 0 1 1 0 0 1 1 0 1 1 0 0 0 1 1 1 1 1 1 0 1 1 0 1 1 0 1 1 1 1 1 0 0 0 1 0 0 0 1 0 1 1 0 1 1 0 0 0 1 0 1 0 1 1 1 0 1 0 1 1 0 1 1 0 0 1 1 0 0 0 0 1 1 1 1 1 1 0 1 1 1 1 1 0 0 1 0 1 1 0 0 0 0 1 1 0 1 0 0 1 0 1 1 1 0 1 0 0 0 1
 1 1 1 1 1 1 1 1 0 0 0 1 0 0 1 1 0 0 1 0 1 1 1 1 1 0 1 0 0 0 0 0 1 1 0 0 1 1 0 1 1 0 0 0 1 1 1 1 1 1 0 1 1 0 1 1 0 0 1 1 1 1 1 0 1 1 1 0 0 1 0 1 1 0 1 1 0 0 0 1 0 1 0 1 1 1 0 1 1 1 0 0 1 1 0 0 1 1 0 0 0 0 1 1 1 1 1 1 0 0 1 1 0 1 0 0 0 1 1 0 0 0 0 1 0 0 0 0 0 0 0 1 1 0 0 0 0 0 0 0
 1 1 1 1 1 1 1 1 1 1 1 1 0 0 1 1 1 0 0 1 0 1 1 1 1 1 1 0 0 0 0 0 0 1 1 0 0 1 1 0 1 1 0 0 0 1 1 1 1 1 1 0 1 1 0 0 1 0 0 0 1 0 0 0 0 1 0 0 1 0 1 0 1 1 0 1 1 0 0 0 1 0 1 0 1 1 1 0 1 1 1 0 0 1 1 0 0 1 1 0 0 0 0 1 1 1 1 1 1 0 1 0 1 1 0 1 1 1 0 1 0 0 0 1 0 0 1 0 1 0 1 0 0 0 1 0 1 0 1 0
 1 1 1 0 1 1 1 0 1 0 1 1 1 1 1 1 1 1 0 0 1 0 1 1 1 1 1 1 0 0 0 0 0 0 1 1 0 0 1 1 0 1 1 0 0 0 1 1 1 1 1 1 0 1 1 1 0 1 0 1 1 1 1 0 1 0 0 1 0 1 0 1 0 1 1 0 1 1 0 0 0 1 0 1 0 1 1 1 1 1 0 1 0 0 1 1 0 0 1 1 0 0 0 0 1 1 1 1 1 0 1 0 1 1 1 1 1 0 1 1 0 0 0 1 0 0 0 1 1 0 1 0 0 0 1 0 0 0 1 0
 1 1 1 1 0 1 1 0 0 0 1 0 1 1 1 1 1 1 1 0 0 1 0 1 1 1 1 1 1 0 0 0 0 0 0 1 1 0 0 1 1 0 1 1 0 0 0 1 1 1 1 1 1 0 0 0 0 0 1 0 1 0 0 0 1 1 1 1 0 1 1 0 1 0 1 1 0 1 1 0 0 0 1 0 1 0 1 1 1 1 1 0 1 0 0 1 1 0 0 1 1 0 0 0 0 1 1 1 0 1 0 0 0 1 1 0 1 0 1 0 0 0 0 0 1 0 1 1 1 0 1 0 0 0 1 0 0 0 1 0
 1 1 1 1 1 1 1 0 0 1 0 1 1 1 0 1 1 1 1 1 0 0 1 0 1 1 1 1 1 1 0 0 0 0 0 0 1 1 0 0 1 1 0 1 1 0 0 0 1 1 1 1 1 1 0 1 0 1 0 0 1 0 0 0 1 0 0 0 1 0 1 1 0 1 0 1 1 0 1 1 0 0 0 1 0 1 0 1 1 1 1 1 0 1 0 0 1 1 0 0 1 1 0 0 0 0 1 1 1 1 0 1 1 1 0 1 0 0 0 0 0 0 0 0 1 0 1 0 1 0 1 1 1 0 1 1 1 1 1 0
 1 0 1 1 1 1 0 0 1 0 1 1 0 0 1 1 0 1 1 1 1 0 0 1 0 1 1 1 1 1 1 0 0 0 0 0 0 1 1 0 0 1 1 0 1 1 0 0 0 1 1 1 1 1 1 0 0 0 0 1 1 1 0 0 1 0 1 0 1 1 0 1 1 0 1 0 1 1 0 1 1 0 0 0 1 0 1 0 1 1 1 1 1 0 1 0 0 1 1 0 0 1 1 0 0 0 0 1 0 1 1 0 0 0 1 0 0 1 1 1 0 0 0 1 1 0 0 1 1 1 1 1 1 1 1 0 0 0 1 1
 0 1 1 1 1 1 1 0 0 0 1 0 1 1 1 1 1 0 1 1 1 1 0 0 1 0 1 1 1 1 1 1 0 0 0 0 0 0 1 1 0 0 1 1 0 1 1 0 0 0 1 1 1 1 1 0 1 0 0 1 1 0 1 0 1 0 0 0 0 1 1 0 1 1 0 1 0 1 1 0 1 1 0 0 0 1 0 1 1 1 0 1 1 1 0 1 0 0 1 1 0 0 1 1 0 0 0 0 0 1 0 0 0 1 1 0 1 0 1 1 0 0 1 0 1 0 1 1 1 1 1 1 1 1 1 0 0 0 1 1
 1 1 1 1 0 1 1 1 0 1 0 0 1 0 0 1 1 1 0 1 1 1 1 0 0 1 1 0 1 1 1 1 1 0 0 0 0 0 0 1 1 0 0 1 1 0 1 1 0 0 0 1 1 1 1 1 1 0 1 1 1 0 0 0 1 1 1 0 0 1 1 1 0 1 1 0 1 0 1 1 0 1 1 0 0 0 1 0 0 1 1 0 1 1 1 0 1 0 0 1 1 0 0 1 1 0 0 0 0 0 1 1 1 1 0 0 0 0 0 1 0 0 0 1 0 0 0 0 0 0 0 1 1 0 0 0 0 0 0 0
 1 0 1 1 1 1 1 0 0 0 1 0 0 0 0 1 0 1 1 0 1 1 1 1 0 0 1 1 0 1 1 1 1 1 0 0 0 0 0 0 1 1 0 0 1 1 0 1 1 0 0 0 1 1 1 1 0 1 0 1 1 1 0 0 1 1 1 1 0 1 1 1 1 0 1 1 0 1 0 1 1 0 1 1 0 0 0 1 1 1 0 1 0 1 1 1 0 1 0 0 1 1 0 0 1 1 0 0 0 1 0 0 1 0 1 0 0 1 1 1 0 0 0 0 1 0 0 1 0 1 0 0 0 1 0 0 0 0 0 1
 0 1 1 1 0 1 0 0 1 1 0 1 0 1 0 1 1 0 0 0 1 1 0 1 1 1 1 1 0 0 1 0 1 1 1 1 1 0 0 0 0 0 0 1 1 0 0 1 1 0 1 1 0 0 1 0 0 1 1 1 1 1 0 0 1 0 1 1 0 0 1 1 1 1 1 1 0 1 1 0 1 0 1 1 0 1 1 0 1 1 0 0 1 0 1 0 1 1 1 0 1 0 0 1 1 0 0 1 1 1 1 1 1 1 0 1 1 1 0 0 0 0 1 1 1 0 0 0 1 0 1 1 1 0 1 0 0 0 1 0
 1 0 1 1 1 1 0 1 0 1 0 1 0 0 1 1 0 1 0 0 0 1 1 0 1 1 1 1 1 0 0 1 0 1 1 1 1 1 0 0 0 0 0 0 1 1 0 0 1 1 0 1 1 0 1 0 0 1 0 0 1 1 1 0 1 1 0 0 0 0 0 1 1 1 1 1 1 0 1 1 0 1 0 1 1 0 1 1 1 1 0 0 0 1 0 1 0 1 1 1 0 1 0 0 1 1 0 0 1 0 1 1 0 0 0 1 1 1 0 1 0 0 1 1 0 0 0 0 1 1 1 1 1 1 1 0 0 0 1 1
 0 1 1 0 1 1 1 1 1 0 1 1 1 0 1 1 1 0 1 0 0 0 1 1 0 1 1 1 1 1 0 0 1 0 1 1 1 1 1 0 0 0 0 0 0 1 1 0 0 1 1 0 1 1 1 1 1 0 0 1 1 1 0 0 1 1 0 1 1 0 0 0 1 1 1 1 1 1 0 1 1 0 1 0 1 1 0 1 1 1 1 0 0 0 1 0 1 0 1 1 1 0 1 0 0 1 1 0 0 1 0 0 1 1 1 0 1 0 1 1 0 0 1 0 1 0 1 1 0 1 0 1 1 1 0 0 1 0 0 1
 1 1 1 1 0 1 0 0 1 0 0 1 1 0 1 1 1 1 0 1 0 0 0 1 1 0 1 1 1 1 1 0 0 1 0 1 1 1 1 1 0 0 0 0 0 0 1 1 0 0 1 1 0 1 1 1 0 1 1 1 1 1 0 0 1 0 1 0 0 1 0 0 0 1 1 1 1 1 1 0 1 1 0 1 0 1 1 0 1 1 1 1 0 0 0 1 0 1 0 1 1 1 0 1 0 0 1 1 1 1 0 1 1 0 1 1 0 0 1 1 0 0 1 0 1 0 1 1 0 0 0 1 1 0 0 0 0 0 0 0
 1 1 1 1 1 1 0 0 1 1 0 0 1 1 1 1 1 1 1 0 1 0 0 0 1 1 1 0 1 1 1 1 0 0 1 0 1 1 1 1 1 0 0 0 0 0 0 1 1 0 0 1 1 0 1 0 1 0 0 1 1 0 1 0 1 0 1 1 0 1 1 0 0 0 1 1 1 1 1 1 0 1 1 0 1 0 1 1 1 1 0 1 1 0 0 0 1 0 1 0 1 1 1 0 1 0 0 1 0 1 1 1 0 0 1 0 0 0 0 1 0 0 0 1 1 0 0 1 1 0 1 1 1 0 1 0 0 1 1 0
 0 0 1 1 1 1 0 1 0 1 0 0 1 1 0 1 1 1 1 1 0 1 0 0 0 1 1 1 0 1 1 1 1 0 0 1 0 1 1 1 1 1 0 0 0 0 0 0 1 1 0 0 1 1 1 1 0 0 1 1 1 1 0 0 1 0 0 0 0 0 1 1 0 0 0 1 1 1 1 1 1 0 1 1 0 1 0 1 1 1 1 0 1 1 0 0 0 1 0 1 0 1 1 1 0 1 0 0 1 1 0 1 1 0 0 1 1 0 0 1 0 0 0 0 1 0 0 0 1 0 1 0 0 0 1 1 0 0 1 0
 1 1 1 1 1 1 0 0 1 1 1 1 0 0 0 1 0 1 1 1 1 0 1 0 0 0 1 1 1 0 1 1 1 1 0 0 1 0 1 1 1 1 1 0 0 0 0 0 0 1 1 0 0 1 1 0 1 0 0 1 1 0 1 0 1 0 0 0 1 1 0 1 1 0 0 0 1 1 1 1 1 1 0 1 1 0 1 0 1 1 1 1 0 1 1 0 0 0 1 0 1 0 1 1 1 0 1 0 1 0 1 0 1 1 0 1 1 1 0 1 0 0 1 1 0 0 0 0 0 1 0 0 0 1 0 0 0 0 0 1
 1 1 1 0 0 1 0 0 0 1 1 1 0 0 1 1 0 0 1 1 1 1 0 1 0 0 1 0 1 1 0 1 1 1 1 0 0 1 0 1 1 1 1 1 0 0 0 0 0 0 1 1 0 0 0 0 1 1 0 0 1 1 1 0 1 1 0 1 0 1 1 0 1 1 0 0 0 1 1 1 1 1 1 0 1 1 0 1 1 1 0 1 1 0 1 1 0 0 0 1 0 1 0 1 1 1 0 1 1 0 1 0 1 1 1 1 1 1 0 0 0 0 0 1 0 0 0 1 0 1 0 0 0 1 0 1 1 0 0 1
 1 0 1 1 1 1 0 0 1 0 1 0 0 0 1 1 1 0 0 1 1 1 1 0 1 0 1 0 0 1 1 0 1 1 1 1 0 0 1 0 1 1 1 1 1 0 0 0 0 0 0 1 1 0 1 1 1 1 0 1 1 0 0 0 1 1 1 1 1 0 1 1 0 1 1 0 0 0 1 1 1 1 1 1 0 1 1 0 1 1 1 0 1 1 0 1 1 0 0 0 1 0 1 0 1 1 1 0 0 1 1 0 1 0 0 0 0 1 1 1 0 0 0 1 1 0 0 0 1 1 1 0 0 1 1 1 1 0 1 1
 1 0 1 1 1 1 0 0 1 0 0 1 1 0 0 1 1 1 0 0 1 1 1 1 0 1 1 0 0 0 1 1 0 1 1 1 1 0 0 1 0 1 1 1 1 1 0 0 0 0 0 0 1 1 1 0 0 0 1 1 1 1 1 0 1 0 1 0 1 0 0 1 1 0 1 1 0 0 0 1 1 1 1 1 1 0 1 1 1 1 0 1 0 1 1 0 1 1 0 0 0 1 0 1 0 1 1 1 1 0 0 1 1 0 1 1 1 0 1 0 0 0 0 0 0 0 1 1 0 1 0 1 1 1 0 0 0 0 0 1
 1 0 1 0 0 0 1 1 0 1 0 0 0 0 1 1 1 0 1 1 0 0 1 1 1 1 1 0 1 0 0 0 1 1 0 1 1 1 1 0 0 1 0 1 1 1 1 1 0 0 0 0 0 0 0 1 0 0 0 0 1 1 1 0 1 0 0 0 0 1 1 0 0 1 1 0 1 1 0 0 0 1 1 1 1 1 1 0 0 1 1 1 0 1 0 1 1 0 1 1 0 0 0 1 0 1 0 1 1 0 0 1 0 1 1 1 1 1 0 1 0 0 0 0 0 0 0 1 1 0 1 0 0 0 1 0 1 0 1 0
 0 1 1 0 1 1 0 1 1 1 0 1 0 1 0 1 1 1 0 1 1 0 0 1 1 1 1 1 0 1 0 0 0 1 1 0 1 1 1 1 0 0 1 0 1 1 1 1 1 0 0 0 0 0 1 0 0 1 1 1 1 1 0 0 1 1 1 0 0 0 1 1 0 0 1 1 0 1 1 0 0 0 1 1 1 1 1 1 1 1 0 1 1 0 1 0 1 1 0 1 1 0 0 0 1 0 1 0 1 1 1 1 1 0 1 1 0 1 0 0 0 0 0 1 1 0 0 1 1 1 1 0 0 1 1 0 0 0 1 1
 0 1 1 1 1 1 1 0 0 0 1 0 1 0 1 1 0 1 1 0 1 1 0 0 1 1 1 1 1 0 1 0 0 0 1 1 0 1 1 1 1 0 0 1 0 1 1 1 1 1 0 0 0 0 1 1 1 1 1 1 1 0 1 0 1 0 0 1 1 0 0 1 1 0 0 1 1 0 1 1 0 0 0 1 1 1 1 1 1 1 1 0 1 1 0 1 0 1 1 0 1 1 0 0 0 1 0 1 0 1 0 0 0 0 0 0 1 0 1 1 0 0 1 0 1 0 0 0 0 1 0 1 1 1 0 0 0 1 0 1
 0 1 1 1 1 1 0 1 1 1 0 1 1 1 0 1 1 0 1 1 0 1 1 0 0 1 1 1 1 1 0 1 0 0 0 1 1 0 1 1 1 1 0 0 1 0 1 1 1 1 1 0 0 0 1 1 1 0 0 0 1 1 1 0 0 1 0 1 0 0 0 0 1 1 0 0 1 1 0 1 1 0 0 0 1 1 1 1 0 1 1 1 0 1 1 0 1 0 1 1 0 1 1 0 0 0 1 0 1 1 1 1 0 0 0 1 1 0 0 1 0 0 0 1 1 0 0 0 1 1 1 1 1 1 1 0 0 1 1 1
 1 0 1 1 1 1 1 0 0 1 0 0 1 1 0 1 1 0 1 0 1 1 0 1 1 0 1 0 1 1 1 1 0 1 0 0 0 1 1 0 1 1 1 1 0 0 1 0 1 1 1 1 1 0 0 1 0 0 0 0 1 0 1 0 0 0 1 1 0 0 0 0 0 0 1 1 0 0 1 1 0 1 1 0 0 0 1 1 0 1 1 1 1 1 0 1 1 0 1 0 1 1 0 1 1 0 0 0 1 0 0 1 1 1 1 1 1 0 0 0 0 0 0 0 0 0 1 1 1 1 1 0 0 1 1 0 1 0 1 1
 1 1 1 1 0 0 0 1 1 1 1 0 0 0 0 1 0 1 0 1 0 1 1 0 1 1 0 0 0 1 1 1 1 0 1 0 0 0 1 1 0 1 1 1 1 0 0 1 0 1 1 1 1 1 0 0 0 0 0 0 1 1 1 0 1 1 0 0 0 0 0 0 0 0 0 1 1 0 0 1 1 0 1 1 0 0 0 1 1 1 1 1 1 1 1 0 1 1 0 1 0 1 1 0 1 1 0 0 1 1 1 0 1 0 1 1 1 1 0 1 0 0 1 1 1 0 0 1 0 1 0 1 1 1 0 1 0 1 0 1
 1 0 1 0 1 0 0 1 0 1 1 1 0 0 0 1 0 0 1 0 1 0 1 1 0 1 1 1 0 0 1 1 1 1 0 1 0 0 0 1 1 0 1 1 1 1 0 0 1 0 1 1 1 1 0 0 1 1 0 0 1 0 0 0 0 1 1 0 0 1 0 0 0 0 0 0 1 1 0 0 1 1 0 1 1 0 0 0 1 1 1 1 1 1 1 1 0 1 1 0 1 0 1 1 0 1 1 0 0 0 1 0 1 1 1 0 0 1 0 0 0 0 0 1 0 0 0 1 0 0 0 0 0 0 0 0 1 0 0 0
 1 1 1 1 1 0 0 0 0 1 0 0 1 0 1 1 0 0 0 1 0 1 0 1 1 0 1 1 1 0 0 1 1 1 1 0 1 0 0 0 1 1 0 1 1 1 1 0 0 1 0 1 1 1 1 1 1 1 1 1 1 0 1 0 1 0 1 1 1 1 1 0 0 0 0 0 0 1 1 0 0 1 1 0 1 1 0 0 1 1 0 1 1 1 1 1 1 0 1 1 0 1 0 1 1 0 1 1 1 1 0 1 1 1 1 1 0 0 0 1 0 0 0 0 1 0 0 1 0 0 0 1 1 0 0 0 0 1 0 0
 0 0 1 1 1 1 0 0 0 0 0 1 0 1 0 1 1 0 0 0 1 0 1 0 1 1 1 0 1 1 0 0 1 1 1 1 0 1 0 0 0 1 1 0 1 1 1 1 0 0 1 0 1 1 1 1 0 0 1 1 1 0 0 0 1 0 1 0 1 1 1 1 0 0 0 0 0 0 1 1 0 0 1 1 0 1 1 0 1 1 0 0 1 1 1 1 1 1 0 1 1 0 1 0 1 1 0 1 1 0 1 1 1 0 1 1 0 1 1 0 0 0 0 1 0 0 1 1 1 0 1 1 1 0 1 0 0 1 1 0
 0 0 1 0 1 1 0 1 0 0 0 1 1 1 1 1 0 1 0 0 0 1 0 1 0 1 1 1 0 1 1 0 0 1 1 1 1 0 1 0 0 0 1 1 0 1 1 1 1 0 0 1 0 1 1 1 0 1 0 1 1 0 1 0 1 0 0 1 0 1 1 1 1 0 0 0 0 0 0 1 1 0 0 1 1 0 1 1 1 1 0 0 0 1 1 1 1 1 1 0 1 1 0 1 0 1 1 0 1 0 0 1 1 1 0 1 1 0 1 0 0 0 1 0 0 0 1 0 1 0 1 1 1 0 1 0 0 1 1 0
 0 0 1 1 1 1 1 1 0 0 0 0 1 0 1 1 1 0 1 0 0 0 1 0 1 0 1 1 1 0 1 1 0 0 1 1 1 1 0 1 0 0 0 1 1 0 1 1 1 1 0 0 1 0 0 1 1 0 0 0 1 1 1 0 1 0 0 1 1 1 1 1 1 1 0 0 0 0 0 0 1 1 0 0 1 1 0 1 0 1 1 0 0 0 1 1 1 1 1 1 0 1 1 0 1 0 1 1 1 0 0 1 0 0 1 1 1 0 1 0 0 0 0 0 0 0 0 1 0 1 0 0 0 1 0 1 1 1 0 1
 0 1 1 0 1 1 1 0 1 1 0 0 0 0 0 1 1 1 0 1 0 0 0 1 0 1 1 0 1 1 0 1 1 0 0 1 1 1 1 0 1 0 0 0 1 1 0 1 1 1 1 0 0 1 1 0 0 1 0 1 1 0 1 0 1 1 1 0 1 0 1 1 1 1 1 0 0 0 0 0 0 1 1 0 0 1 1 0 1 1 1 1 0 0 0 1 1 1 1 1 1 0 1 1 0 1 0 1 0 0 1 1 0 0 0 0 0 1 0 0 0 0 0 1 0 0 1 0 1 1 1 1 1 1 1 0 0 0 1 1
 0 0 1 1 0 1 1 1 0 0 0 1 0 0 1 1 0 0 1 1 0 1 0 0 0 1 1 0 1 0 1 1 0 1 1 0 0 1 1 1 1 0 1 0 0 0 1 1 0 1 1 1 1 0 1 1 0 1 1 1 1 1 0 0 1 0 1 1 1 0 1 0 1 1 1 1 1 0 0 0 0 0 0 1 1 0 0 1 1 1 1 0 1 1 0 0 0 1 1 1 1 1 1 0 1 1 0 1 0 0 0 1 1 0 1 0 0 1 1 0 0 0 0 0 0 0 1 1 0 0 0 1 1 0 0 1 0 0 0 0
 0 0 1 0 1 1 0 0 0 1 0 0 1 0 1 1 1 1 0 0 1 1 0 1 0 0 1 0 1 0 1 0 1 1 0 1 1 0 0 1 1 1 1 0 1 0 0 0 1 1 0 1 1 1 0 1 0 0 0 0 1 1 1 0 0 0 0 1 0 1 0 0 1 0 1 1 1 1 1 0 0 0 0 0 0 1 1 0 1 1 0 1 1 0 1 1 0 0 0 1 1 1 1 1 1 0 1 1 1 0 0 1 1 1 0 1 1 0 0 0 0 0 0 0 0 0 1 0 0 1 0 0 0 1 0 0 0 0 0 1
 1 1 1 0 1 1 0 1 0 1 1 0 0 0 0 1 1 1 1 0 0 1 1 0 1 0 1 0 0 1 0 1 0 1 1 0 1 1 0 0 1 1 1 1 0 1 0 0 0 1 1 0 1 1 1 1 1 1 0 1 1 0 1 0 1 0 0 0 0 1 1 0 0 1 0 1 1 1 1 1 0 0 0 0 0 0 1 1 1 1 0 0 1 1 0 1 1 0 0 0 1 1 1 1 1 1 0 1 0 1 1 0 1 1 0 0 1 1 0 0 0 0 1 1 1 0 0 0 1 0 1 0 0 0 1 0 1 0 1 0
 0 0 1 0 1 1 0 0 0 0 1 1 1 0 1 1 0 0 1 1 1 0 0 1 1 0 1 1 0 0 0 1 0 1 0 1 1 0 1 1 0 0 1 1 1 1 0 1 0 0 0 1 1 0 1 0 1 0 1 1 1 0 0 0 1 0 1 1 1 1 1 1 1 0 0 1 0 1 1 1 1 1 0 0 0 0 0 0 1 1 1 1 0 0 1 1 0 1 1 0 0 0 1 1 1 1 1 1 1 0 0 0 0 0 0 1 1 0 1 0 0 0 0 0 0 0 1 0 0 1 0 1 1 1 0 0 1 0 0 1
 0 1 1 1 1 1 1 1 0 1 0 1 0 1 0 1 1 1 0 0 1 1 1 0 0 1 1 1 0 1 0 0 0 1 0 1 0 1 1 0 1 1 0 0 1 1 1 1 0 1 0 0 0 1 0 0 0 0 0 0 1 1 0 0 0 1 1 1 0 1 0 1 1 1 1 0 0 1 0 1 1 1 1 1 0 0 0 0 1 1 0 0 1 1 0 0 1 1 0 1 1 0 0 0 1 1 1 1 1 1 1 1 0 1 1 1 0 1 0 1 0 0 0 1 1 0 1 1 1 1 1 1 1 1 1 0 0 0 1 1
 0 1 1 0 1 1 1 0 1 1 0 1 0 0 1 1 0 1 1 0 0 1 1 1 0 0 1 1 1 0 1 0 0 0 1 0 1 0 1 1 0 1 1 0 0 1 1 1 1 0 1 0 0 0 1 1 1 0 1 1 1 0 0 0 1 0 1 1 0 1 1 0 1 1 1 1 0 0 1 0 1 1 1 1 1 0 0 0 1 1 0 0 0 1 1 0 0 1 1 0 1 1 0 0 0 1 1 1 0 0 1 1 1 0 0 0 0 1 0 0 0 0 0 1 0 0 0 0 1 1 1 1 1 1 1 0 0 0 1 1
 1 1 1 0 0 1 1 0 1 1 1 1 0 1 0 1 1 1 1 0 1 1 0 0 1 1 1 1 0 0 1 1 0 1 0 0 0 1 0 1 0 1 1 0 1 1 0 0 1 1 1 1 0 1 1 0 0 0 0 1 1 0 0 0 1 0 0 1 0 0 0 0 1 1 0 1 1 1 1 0 0 1 0 1 1 1 1 1 1 1 0 0 0 0 0 0 1 1 0 0 1 1 0 1 1 0 0 0 0 1 1 0 1 0 0 0 0 1 0 0 0 0 0 1 1 0 0 0 1 1 1 0 0 1 1 0 0 0 1 1
 0 1 1 1 0 1 1 0 0 1 0 0 1 0 0 1 1 0 1 1 1 0 1 1 0 0 1 1 1 1 0 0 1 1 0 1 0 0 0 1 0 1 0 1 1 0 1 1 0 0 1 1 1 1 1 1 0 0 0 1 1 1 1 0 1 0 0 1 0 0 1 0 0 0 1 1 0 1 1 1 1 0 0 1 0 1 1 1 1 1 1 1 0 0 0 0 0 0 1 1 0 0 1 1 0 1 1 0 0 1 1 1 0 0 0 0 0 0 0 1 0 0 0 1 1 0 1 0 0 1 0 1 1 1 0 0 0 0 0 1
 0 0 1 0 1 1 0 0 1 1 1 0 0 0 0 1 0 1 0 1 1 1 0 1 1 0 1 0 1 1 1 0 0 1 1 0 1 0 0 0 1 0 1 0 1 1 0 1 1 0 0 1 1 1 1 0 1 0 0 1 1 0 0 0 1 0 1 1 0 1 0 1 0 0 0 1 1 0 1 1 1 1 0 0 1 0 1 1 1 1 1 1 1 0 0 0 0 0 0 1 1 0 0 1 1 0 1 1 0 1 1 0 1 0 1 0 0 1 0 1 0 0 0 1 1 0 0 1 0 0 0 0 0 0 0 0 0 1 0 0
 1 0 1 1 1 1 0 0 1 1 0 0 1 0 0 1 1 1 1 0 1 0 1 1 0 0 0 0 1 0 1 1 1 0 1 1 0 0 1 1 1 0 0 1 1 0 1 0 0 0 1 0 1 0 1 0 1 0 1 1 0 0 0 0 1 1 0 1 0 1 1 0 1 1 0 0 1 1 1 1 0 1 0 0 0 1 1 0 1 1 1 1 1 1 0 0 1 0 1 1 1 1 1 0 0 0 0 0 1 0 0 1 0 0 1 1 0 0 0 1 1 0 1 0 0 0 1 1 0 0 0 1 1 0 0 0 0 0 0 0
 1 1 1 1 1 0 1 0 1 1 1 0 0 0 1 1 1 1 0 1 0 0 1 0 0 1 1 1 1 0 1 0 1 1 0 0 0 1 0 1 1 1 0 1 1 0 0 1 1 1 0 0 1 1 1 1 0 0 1 1 1 0 1 0 1 0 0 0 0 0 1 0 0 0 1 0 1 0 1 1 0 1 1 0 0 1 1 1 1 1 1 0 1 0 0 0 1 1 0 1 1 1 1 0 0 1 0 1 0 0 0 0 0 1 1 0 0 1 0 0 0 0 0 0 0 0 1 1 1 1 1 0 0 1 1 0 0 0 1 1
 0 1 1 1 1 1 0 0 1 1 0 0 0 0 1 1 1 1 0 0 1 1 1 0 1 0 1 0 1 0 0 1 1 1 0 1 0 1 1 0 0 0 1 0 1 1 1 0 1 1 0 0 1 1 0 1 1 1 1 0 1 0 1 0 0 0 0 0 0 1 0 0 1 1 0 1 0 0 0 1 0 1 0 1 1 0 1 1 0 1 0 0 1 1 1 1 0 1 0 0 0 1 1 0 1 1 1 1 1 1 1 1 1 1 1 1 1 1 0 1 0 0 0 1 1 0 0 1 0 1 0 0 0 1 0 0 1 0 0 1
 1 1 1 1 1 1 0 1 1 1 1 0 1 0 0 1 1 1 1 1 0 0 1 1 1 0 1 0 1 1 1 0 1 0 0 1 0 0 1 1 1 0 1 0 1 1 0 0 0 1 0 1 1 1 1 1 1 1 0 1 1 0 1 0 1 0 0 1 1 0 1 1 0 0 1 1 1 0 0 1 1 0 1 0 0 0 1 0 1 1 1 0 1 1 0 1 1 0 0 1 1 1 1 0 1 0 0 0 0 0 1 0 1 0 0 0 0 0 0 1 0 0 0 1 0 0 0 0 1 1 1 1 1 1 1 0 0 0 1 1
 1 1 1 1 1 1 0 1 1 0 0 1 0 1 0 1 1 0 1 0 1 0 0 1 1 1 1 1 0 0 1 1 1 0 0 1 1 1 0 1 0 0 1 0 0 1 1 1 0 1 0 1 1 0 1 1 1 1 1 1 1 1 0 0 1 1 1 1 0 0 0 1 0 1 1 1 0 1 1 0 0 1 1 1 0 0 1 1 1 1 0 1 0 0 0 1 0 1 0 1 1 0 1 1 0 0 1 1 1 1 1 1 1 1 0 1 0 1 1 1 0 0 1 1 1 0 0 0 1 1 1 0 0 1 1 0 0 1 1 1
 0 0 1 0 1 1 0 1 0 1 1 1 0 0 1 0 1 1 0 0 1 1 0 1 0 1 0 0 1 0 0 1 1 1 1 0 0 1 1 1 0 0 1 1 1 0 1 0 0 1 0 0 1 1 1 0 1 0 0 0 1 1 0 0 1 1 1 1 0 1 0 1 0 1 1 0 0 0 1 0 1 1 1 0 1 1 0 0 0 1 1 1 1 0 0 1 1 0 1 0 0 0 1 0 1 0 1 1 0 0 1 0 0 0 1 0 0 1 0 1 0 0 1 1 0 0 0 1 0 0 0 0 0 0 0 0 1 0 0 0
 0 0 1 0 1 1 1 0 0 1 1 0 0 1 1 1 1 1 1 0 0 1 1 0 1 0 1 1 0 1 0 0 1 1 1 1 0 0 1 1 1 0 0 1 1 1 0 1 0 0 1 0 0 1 1 0 1 1 0 0 1 1 0 0 1 1 1 1 1 1 1 0 1 0 1 1 0 0 0 1 0 1 1 1 0 1 1 0 1 1 0 1 1 1 0 0 1 1 0 1 0 0 0 1 0 1 0 1 0 1 1 0 1 1 0 0 0 1 0 1 0 0 1 1 1 0 0 0 1 0 1 1 1 0 1 0 0 0 1 0
 0 1 1 0 1 1 1 0 1 1 0 0 1 1 0 1 1 1 1 1 0 0 1 1 0 1 1 0 1 0 1 0 0 1 1 1 1 0 0 1 1 1 0 0 1 1 1 0 1 0 0 1 0 0 1 1 0 1 0 1 1 0 0 0 1 1 1 0 0 1 1 1 0 1 0 1 1 0 0 0 1 0 1 1 1 0 1 1 1 1 0 0 1 1 1 0 0 1 1 0 1 0 0 0 1 0 1 0 1 1 0 1 0 0 0 1 1 0 0 1 0 0 0 0 1 0 1 0 1 1 1 1 1 1 1 0 0 0 1 1
 1 0 1 1 1 1 0 1 0 1 0 0 1 1 0 1 1 0 1 1 0 1 0 0 1 1 1 1 1 0 0 1 1 0 1 0 1 0 1 0 0 1 1 1 1 0 0 1 1 1 0 0 1 1 1 1 1 1 1 0 1 0 0 0 0 1 0 0 0 1 0 1 0 0 1 0 0 1 1 1 0 1 0 1 1 0 0 0 0 1 1 0 1 1 1 0 1 1 0 0 1 1 1 0 0 1 1 0 1 0 0 1 0 1 1 1 0 0 0 0 0 0 0 0 0 0 0 1 1 0 1 1 1 0 1 0 1 0 1 0
 0 0 1 1 0 1 1 0 1 1 1 0 0 0 1 1 1 0 1 0 0 1 0 0 1 0 1 1 1 0 1 0 0 1 1 1 1 0 0 1 1 0 1 0 1 0 1 0 0 1 1 1 1 0 1 0 1 1 1 1 1 0 1 0 1 1 1 1 1 0 1 1 1 0 0 1 1 1 0 1 0 0 1 0 0 1 1 1 1 1 0 1 0 1 1 0 0 0 1 0 1 1 1 0 1 1 0 0 0 0 1 0 0 0 0 0 0 1 0 1 0 0 0 1 0 0 1 0 1 0 1 0 0 0 1 0 0 0 1 0
 0 1 1 1 1 1 1 0 0 1 1 0 0 0 0 1 0 0 1 1 0 1 0 0 1 0 1 0 1 0 1 1 0 1 0 0 1 1 1 1 0 0 1 1 0 1 0 1 0 1 0 0 1 1 1 0 1 1 0 1 1 0 0 0 1 0 0 1 1 1 1 0 0 1 1 1 0 0 1 1 1 0 1 0 0 1 0 0 1 1 1 1 1 0 1 0 1 1 0 0 0 1 0 1 1 1 0 1 0 1 1 0 1 1 0 0 1 1 0 0 0 0 0 1 1 0 1 0 1 1 1 1 1 1 1 1 1 0 1 1
 0 0 1 0 1 1 1 1 0 0 1 0 1 0 1 0 0 0 0 0 1 1 0 1 0 0 1 1 0 0 1 0 1 1 0 1 0 0 1 1 1 1 0 0 1 1 0 1 0 1 0 1 0 0 1 0 1 0 1 1 0 0 0 0 1 1 0 0 1 1 1 1 1 0 0 1 1 1 0 0 1 1 1 0 1 0 0 1 1 1 0 0 1 1 1 0 1 0 1 1 0 0 0 1 0 1 1 1 1 0 0 0 1 1 0 1 1 0 1 1 1 0 1 0 0 0 0 0 0 1 0 0 0 1 0 0 0 0 0 1
 1 1 1 1 1 1 1 0 1 1 0 0 0 0 0 1 1 0 0 0 0 1 1 0 1 0 1 0 1 0 0 1 0 1 1 0 1 0 0 1 1 1 1 0 0 1 1 0 1 0 1 0 1 0 0 1 0 1 1 0 1 0 1 0 1 1 0 1 1 0 1 1 1 1 0 0 1 1 1 0 0 1 1 1 0 1 0 0 1 1 1 0 0 1 1 1 0 1 0 1 1 0 0 0 1 0 1 1 1 1 1 1 1 1 0 1 0 1 0 0 0 0 0 1 1 0 0 0 1 1 1 0 0 1 1 0 0 0 1 1
 0 1 1 1 1 1 0 1 0 0 0 0 1 0 1 1 0 0 0 1 0 0 1 0 0 0 1 0 1 1 0 1 0 0 1 0 0 1 0 1 1 0 1 0 0 1 1 1 1 0 0 1 1 0 0 0 0 0 1 0 1 1 0 0 0 0 1 0 1 1 0 1 0 1 0 0 1 1 1 1 0 0 1 1 1 0 0 1 1 1 1 1 0 1 0 0 1 0 0 1 1 1 0 1 0 1 1 0 1 1 0 1 0 0 0 1 0 0 1 0 0 0 0 0 1 0 1 0 0 0 0 1 1 0 0 0 0 0 0 0
 1 0 1 1 1 1 1 0 1 1 0 1 0 0 0 1 1 0 0 0 1 0 0 1 0 0 1 0 0 1 1 0 1 0 0 1 0 0 1 0 1 1 0 1 0 0 1 1 1 1 0 0 1 1 0 0 0 0 0 0 1 0 0 0 1 1 1 1 0 0 1 0 1 0 1 0 0 1 1 1 1 0 0 1 1 1 0 0 1 1 1 1 1 0 1 0 0 1 0 0 1 1 1 0 1 0 1 1 0 1 0 1 1 1 1 0 0 1 0 1 0 0 1 0 1 0 1 1 0 0 0 1 1 0 0 0 0 1 0 0
 0 1 1 1 1 1 1 0 1 1 0 0 1 1 1 1 1 0 1 1 1 1 1 1 0 1 1 1 1 1 0 1 0 1 0 0 0 1 0 0 1 0 0 0 0 1 1 0 1 0 0 1 0 0 1 1 0 0 1 1 1 1 0 0 1 0 1 1 1 1 0 1 1 0 1 0 0 1 1 1 1 0 0 1 1 0 1 0 1 1 1 0 1 0 0 1 1 1 1 0 0 1 1 1 0 0 1 1 1 1 0 1 1 1 0 1 1 0 0 0 0 0 1 0 1 0 0 0 1 1 1 1 1 1 1 0 0 1 1 1
 0 1 1 1 1 1 1 0 0 1 0 0 0 0 0 1 1 0 0 1 0 1 1 0 1 1 1 1 1 1 1 0 1 1 1 1 0 1 0 1 0 0 0 1 0 0 1 0 0 0 0 1 1 0 0 0 1 0 0 0 1 1 0 0 0 1 1 0 0 1 0 0 1 0 0 1 0 1 1 0 1 0 0 1 1 1 1 0 0 1 0 1 1 0 1 0 1 0 1 0 0 1 1 1 1 0 0 1 1 1 1 1 1 0 1 1 0 1 0 1 0 0 0 1 1 0 0 1 1 0 1 0 0 0 1 0 0 0 1 0
 0 1 1 0 1 1 1 1 1 0 0 1 0 1 0 1 0 0 1 0 0 0 0 1 0 0 1 1 0 1 1 0 1 1 1 1 1 1 0 1 1 1 1 0 1 0 1 0 0 0 1 0 0 1 1 0 1 0 0 1 1 0 1 0 1 1 1 0 1 0 0 0 0 1 1 0 1 0 0 1 0 0 1 0 1 1 0 1 1 1 0 0 1 1 1 1 0 0 1 1 0 1 0 1 0 1 0 0 1 1 1 1 0 0 0 1 1 1 1 0 0 0 0 1 1 0 1 0 1 1 1 0 0 1 1 0 0 0 1 1
 1 0 1 0 0 1 0 0 1 0 1 0 0 1 0 1 0 0 0 1 0 0 0 1 0 0 1 0 0 1 0 0 1 0 1 1 0 1 1 1 1 1 1 0 1 1 1 1 0 1 0 1 0 0 0 1 0 0 0 0 1 1 1 0 1 1 0 0 1 0 1 0 0 1 0 0 0 0 1 1 0 1 0 0 1 0 0 1 1 1 0 1 1 0 1 0 0 1 1 1 1 0 0 1 1 0 1 0 0 0 1 0 0 0 0 0 1 1 1 1 0 0 0 1 0 0 0 0 1 0 1 0 0 0 1 0 0 0 1 0
 0 0 1 1 1 1 0 1 1 1 0 0 1 1 0 1 1 0 0 0 1 0 1 0 0 0 0 0 0 0 0 1 0 0 0 1 0 0 0 0 1 0 0 1 0 1 1 0 1 1 1 1 1 1 1 1 1 1 1 1 1 0 1 0 1 0 0 1 1 0 1 1 1 1 0 1 0 1 0 0 0 1 0 0 1 0 0 0 1 1 0 1 1 0 1 0 0 1 0 0 1 0 1 1 0 1 0 0 1 1 0 1 0 0 0 1 1 0 0 1 0 0 1 0 1 0 0 0 1 1 1 1 1 1 1 1 1 0 1 1
 1 1 1 1 0 1 0 0 1 0 1 0 1 0 1 1 1 1 1 0 0 1 0 0 0 1 1 0 0 0 1 0 1 0 0 0 0 0 0 0 1 0 0 0 1 0 0 0 0 1 0 0 1 0 1 1 1 0 1 1 1 1 1 0 1 1 0 0 0 1 1 0 1 1 1 1 1 1 0 1 1 1 1 0 1 0 1 0 1 1 0 0 1 0 0 1 0 0 0 0 1 1 0 1 0 0 1 0 0 1 0 0 1 1 0 0 0 0 1 0 0 0 0 0 1 0 0 0 0 1 0 1 1 1 0 0 0 0 0 1
 0 1 1 1 1 1 0 0 1 1 1 1 1 1 0 1 0 0 1 1 0 0 1 1 1 1 1 0 0 1 0 0 0 1 0 0 0 1 0 1 0 0 0 0 0 0 0 1 0 0 0 1 0 0 1 1 0 0 1 1 1 1 0 0 1 0 0 1 0 0 0 1 0 0 1 0 1 1 0 1 1 1 1 1 1 0 1 1 1 1 1 1 0 1 0 1 0 0 0 1 0 0 1 0 0 0 0 1 0 1 0 0 0 0 0 0 0 0 0 1 0 0 0 0 1 0 0 0 1 1 1 0 0 1 1 0 0 0 1 1
 0 0 1 0 1 1 0 0 0 1 1 1 0 0 1 1 0 1 1 1 0 1 1 0 1 1 1 1 1 0 1 0 1 0 1 1 0 1 1 0 0 1 0 0 1 0 0 0 1 1 0 0 1 1 1 1 1 1 0 1 1 1 0 0 1 0 1 1 1 1 1 0 0 1 0 0 0 1 0 0 0 1 0 1 0 0 0 0 1 1 0 0 0 1 0 0 0 1 0 0 0 0 1 0 0 1 0 1 0 0 0 0 1 1 0 0 0 1 0 0 0 0 0 0 0 0 1 0 1 0 1 1 1 0 1 0 0 1 1 0
 0 0 1 1 1 0 1 0 0 1 0 0 1 0 0 1 0 1 1 1 1 1 0 1 1 0 1 0 0 0 0 0 1 0 1 0 1 1 0 1 1 1 0 1 1 0 1 1 1 1 0 1 0 1 0 1 1 1 1 0 1 1 0 0 1 1 0 1 0 0 1 1 0 1 1 0 0 1 0 0 1 0 0 0 1 1 0 0 1 1 1 1 1 1 0 0 1 0 0 0 1 0 0 0 1 0 1 0 0 1 0 1 0 1 0 0 0 0 0 1 0 0 0 0 1 0 0 0 0 0 0 0 0 0 0 0 0 1 0 0
 0 1 1 1 1 1 1 1 0 0 0 0 1 0 0 1 1 1 0 1 0 0 0 1 1 1 1 1 1 0 1 1 0 0 0 0 0 0 1 0 1 0 1 1 0 1 1 1 0 1 1 0 1 1 1 1 0 0 1 1 1 1 0 0 1 1 0 0 0 1 1 0 1 0 1 0 1 1 0 1 1 0 0 1 0 0 1 0 1 1 0 0 1 1 0 0 1 1 1 1 0 0 1 0 0 0 1 0 1 1 1 1 1 1 0 1 1 0 1 0 0 0 0 1 1 0 0 0 0 0 0 0 0 0 0 0 0 1 0 0
 0 1 1 1 1 1 1 1 0 1 0 1 1 0 0 1 0 0 0 0 1 1 0 1 0 0 1 0 1 1 1 1 1 0 1 1 0 0 0 0 0 0 1 0 1 0 1 1 0 1 1 1 0 1 1 1 0 0 0 0 0 0 0 0 1 1 0 0 1 1 0 1 1 1 1 0 1 0 1 0 1 1 0 1 1 0 0 1 1 1 0 0 1 0 0 0 1 1 0 0 1 1 1 1 0 0 1 0 1 1 0 1 1 1 1 1 1 0 0 1 1 0 1 0 1 0 1 1 0 0 0 0 0 0 0 0 0 0 0 0
 0 0 1 0 1 1 0 1 0 0 1 1 1 0 1 1 0 0 1 0 0 1 0 1 0 0 1 0 0 0 1 1 0 1 0 0 0 1 1 1 1 1 0 1 1 0 0 0 0 0 0 1 0 1 1 1 0 1 0 1 1 0 1 0 1 0 0 0 1 0 1 1 0 1 1 1 0 1 1 0 1 1 1 1 0 1 0 1 1 1 0 1 1 0 1 1 0 0 1 0 0 1 0 0 0 1 1 0 1 0 0 0 1 0 0 1 1 0 1 1 0 0 0 0 0 0 0 0 0 0 0 0 0 0 0 0 0 0 0 0
 1 1 1 1 1 1 1 0 1 1 1 1 1 0 0 1 0 0 0 1 1 0 0 1 0 0 1 1 0 1 0 0 0 0 0 1 1 0 1 0 0 0 1 1 1 1 1 0 1 1 0 0 0 0 1 0 1 1 0 1 1 0 1 0 1 0 1 1 1 0 0 1 0 1 0 1 1 0 1 1 1 0 1 1 0 1 1 1 1 1 1 0 1 0 1 0 1 1 0 1 1 0 0 1 0 0 1 0 0 1 0 0 1 0 1 0 1 0 0 1 0 0 1 0 1 0 0 1 0 1 0 1 1 1 0 0 0 1 0 1
 1 1 1 1 1 1 1 1 0 0 1 0 1 1 1 1 1 0 0 0 0 1 1 0 0 1 1 0 0 1 0 1 0 0 0 0 0 1 1 0 1 0 0 0 1 1 1 1 1 0 1 1 0 0 1 0 0 0 0 1 1 0 0 0 1 0 1 0 1 0 0 0 0 1 0 1 0 1 1 0 1 1 1 0 1 1 0 1 1 1 1 1 1 0 1 0 1 0 1 1 0 1 1 0 0 1 0 0 0 1 0 0 1 0 1 0 1 0 1 0 0 0 0 0 1 0 1 1 1 1 1 1 1 1 1 0 1 0 1 1
 1 1 1 1 0 1 1 1 0 1 0 0 0 1 1 1 0 1 1 1 0 1 1 0 0 0 1 0 1 1 0 0 1 0 0 1 0 1 0 0 0 0 0 1 1 0 1 0 0 0 1 1 1 1 1 0 0 1 0 1 0 0 0 0 1 1 1 0 0 1 0 1 1 0 0 0 0 0 0 1 0 1 0 1 1 0 1 1 0 1 1 0 1 1 0 1 1 1 1 0 1 0 1 0 1 1 0 1 0 1 0 1 0 1 0 0 0 1 0 1 1 0 1 0 1 0 1 0 1 0 1 0 0 0 1 0 0 0 1 0
 1 1 1 1 1 1 1 0 1 0 0 0 0 0 0 1 0 1 0 1 1 1 0 1 1 0 1 0 0 0 1 1 0 0 1 0 0 1 0 1 0 0 0 0 0 1 1 0 1 0 0 0 1 1 1 0 1 0 0 1 1 0 0 0 1 1 1 1 0 1 1 1 0 1 1 0 0 0 0 0 0 1 0 1 0 1 1 0 1 1 1 1 1 0 1 1 0 1 1 1 1 0 1 0 1 0 1 1 1 1 1 1 0 1 0 1 0 1 1 0 0 0 0 1 1 0 0 0 0 1 0 0 0 1 0 1 0 0 0 1
 1 1 1 1 1 1 1 1 1 0 1 0 1 0 0 1 1 0 0 0 1 0 1 1 1 0 1 1 1 0 0 0 0 1 1 0 0 1 0 0 1 0 1 0 0 0 0 0 1 1 0 1 0 0 1 1 0 0 1 1 1 1 0 0 1 0 0 0 1 0 1 1 1 1 1 0 1 1 0 0 0 0 0 0 1 0 1 0 1 1 1 1 0 1 1 1 0 1 1 0 1 1 1 1 0 1 0 1 0 1 0 0 0 1 1 0 1 0 1 0 0 0 0 0 1 0 0 1 0 1 0 0 0 1 0 1 1 0 0 1
 0 1 1 0 0 1 1 0 1 0 1 0 0 1 0 1 1 0 1 1 0 0 1 0 0 0 1 0 1 1 0 1 0 0 1 0 0 0 1 0 1 1 1 0 1 1 0 0 0 0 1 1 0 0 0 0 0 0 1 0 1 0 0 0 0 0 0 0 1 1 0 0 1 0 1 0 0 0 0 0 1 1 0 1 0 0 0 1 1 1 1 1 1 1 0 1 1 0 0 0 0 0 0 1 0 1 0 1 0 0 1 0 1 1 0 0 0 1 1 0 0 0 0 1 0 0 0 0 1 1 1 1 1 1 1 1 0 0 1 1
 0 0 1 1 1 1 1 0 1 0 0 1 0 0 0 1 1 1 0 0 1 1 0 0 0 1 1 0 1 0 0 0 1 0 1 1 1 0 1 0 0 1 1 1 0 0 0 1 0 1 1 0 0 1 1 1 1 1 1 1 1 1 1 0 1 1 1 0 1 0 0 0 0 1 1 0 1 0 0 1 0 0 0 1 0 1 1 1 1 1 0 1 1 0 0 0 0 1 1 0 0 1 0 0 1 0 1 0 1 1 0 1 1 1 0 1 1 1 1 1 0 0 0 0 1 0 0 0 0 0 0 0 0 0 0 0 0 0 0 0
 1 1 1 1 0 1 0 1 0 0 0 1 0 0 1 1 0 1 1 0 0 1 1 0 0 0 1 1 0 1 0 0 0 1 0 1 1 1 0 1 0 0 1 1 1 0 0 0 1 0 1 1 0 0 1 0 1 0 0 0 1 0 0 0 1 1 0 0 1 1 0 0 0 0 1 1 0 1 0 0 1 0 0 0 1 0 1 1 0 1 1 0 1 1 0 0 0 0 1 1 0 0 1 0 0 1 0 1 1 1 1 1 1 1 1 1 1 1 1 1 0 0 1 1 1 0 0 1 0 0 0 0 0 0 0 0 1 0 0 0
 0 1 1 1 1 1 0 0 1 1 1 1 1 1 0 1 1 1 1 0 1 1 0 0 1 1 1 0 0 0 1 0 1 0 0 0 1 0 1 1 1 0 1 0 0 1 1 1 0 0 0 1 0 1 1 1 1 1 0 1 1 0 0 0 1 0 0 0 0 1 0 0 1 0 0 0 0 1 1 0 1 0 0 1 0 0 0 1 1 1 0 1 1 1 0 1 1 0 0 0 0 1 1 0 0 1 0 0 0 1 0 0 1 1 0 0 0 0 0 1 0 0 1 0 1 0 1 0 1 1 1 1 1 1 1 1 0 0 1 1
 0 1 1 1 0 1 0 1 0 0 1 0 1 0 0 1 1 1 1 0 1 0 1 1 1 0 1 1 1 0 0 1 1 0 0 0 1 0 1 0 0 0 1 0 1 1 1 0 1 0 0 1 1 1 1 1 1 0 0 1 1 1 1 0 1 0 1 1 1 0 0 0 1 0 1 1 0 0 1 0 0 0 0 1 1 0 1 0 0 1 0 1 0 0 0 1 0 1 1 1 0 1 1 0 0 0 0 1 0 1 0 0 1 1 1 0 0 0 1 1 0 0 1 0 1 0 0 1 1 1 1 0 0 1 1 1 1 1 1 1
 0 0 1 1 1 1 1 0 0 0 1 1 1 0 1 1 0 0 1 0 0 1 1 1 0 1 1 0 1 1 1 0 1 1 0 0 1 1 0 0 0 1 0 1 0 0 0 1 0 1 1 1 0 1 1 0 0 0 1 1 1 0 0 0 1 0 0 1 1 0 0 1 1 1 0 0 0 1 0 1 1 0 0 1 0 0 0 0 1 1 1 1 0 1 0 0 1 0 0 0 1 0 1 1 1 0 1 1 0 0 0 0 1 1 1 0 0 0 1 1 0 0 0 0 0 0 0 1 0 1 0 0 0 1 0 0 0 0 0 1
 1 1 1 1 0 1 1 1 0 1 1 1 0 1 1 1 0 0 1 1 1 1 0 0 0 1 1 1 1 1 1 0 1 1 0 0 0 1 1 1 0 0 1 0 0 1 1 1 0 1 0 1 1 1 1 0 0 1 0 1 0 0 0 0 1 0 0 0 0 0 1 1 0 0 1 1 0 0 0 1 0 1 0 0 0 1 0 1 0 1 1 1 0 1 0 0 1 1 1 0 0 0 1 0 1 1 0 0 0 1 1 0 1 1 1 0 1 1 0 0 1 0 1 1 1 0 1 1 1 1 1 0 0 1 1 0 0 0 1 1
 1 0 1 0 1 1 1 1 0 0 1 0 0 1 0 0 0 1 1 0 1 1 0 1 0 1 1 0 1 1 0 1 0 1 1 0 0 1 1 1 1 0 0 0 1 1 1 1 1 0 1 1 0 0 1 1 1 1 0 0 1 1 0 0 1 1 1 0 0 0 1 1 1 0 0 1 0 0 1 1 1 0 1 0 1 1 1 0 1 1 1 1 0 0 1 1 0 0 0 1 0 1 0 0 0 1 0 1 0 1 1 0 1 0 0 0 1 1 1 1 0 0 1 1 1 0 0 0 1 0 1 0 0 0 1 0 0 0 1 0
 1 1 1 0 1 1 1 1 0 1 0 0 1 0 0 1 0 1 1 1 1 1 0 0 0 1 1 1 0 1 1 0 1 0 1 0 1 1 0 1 0 1 1 0 0 1 1 1 1 0 0 0 1 1 1 0 0 0 0 1 1 1 0 0 1 1 1 0 1 1 1 1 0 1 1 0 0 0 1 1 1 0 0 1 0 0 1 1 1 1 1 0 1 0 1 1 1 0 1 1 0 0 1 1 0 0 0 1 1 1 0 1 1 0 1 1 0 0 0 1 0 0 1 0 1 0 0 1 0 1 0 1 1 1 0 0 0 0 0 1
 0 0 1 1 0 1 1 0 1 0 0 0 0 0 1 1 0 0 0 1 0 0 0 0 1 1 1 1 0 0 0 0 1 1 1 1 0 0 1 1 1 1 1 1 1 1 0 0 0 0 1 1 1 1 1 0 0 0 1 0 1 0 0 0 0 0 0 0 1 1 0 0 0 1 1 0 1 1 0 1 0 1 0 1 1 0 1 0 1 1 1 1 0 0 1 1 1 1 0 0 0 1 1 1 1 1 0 1 0 1 0 1 1 1 0 0 0 1 1 0 0 0 0 0 1 0 0 0 1 1 1 1 1 1 1 0 0 1 1 1
 1 0 1 1 1 1 1 1 1 1 1 0 0 1 1 1 0 1 1 1 1 0 0 1 0 1 1 1 0 1 1 1 1 1 0 1 1 1 0 0 0 1 1 0 0 0 0 0 0 1 1 0 0 1 0 0 0 0 0 0 1 1 0 0 0 0 0 0 0 0 1 1 1 1 1 1 0 0 0 1 0 1 0 1 0 0 1 1 0 0 0 0 0 1 1 1 1 0 0 0 1 1 1 1 1 0 0 1 0 0 1 0 1 0 0 0 0 1 0 1 0 0 1 1 0 1 0 0 1 0 1 1 1 0 1 0 0 0 1 0
 0 0 1 0 1 1 1 0 1 0 0 1 0 1 0 1 1 1 1 0 0 0 1 0 1 1 1 0 0 1 0 1 1 0 1 1 1 0 1 1 1 1 0 0 1 1 1 1 1 0 0 0 0 1 1 1 1 0 0 0 1 1 0 0 0 0 0 1 1 1 0 1 1 1 1 0 1 0 0 1 1 1 0 1 1 0 1 0 1 1 1 1 1 0 0 1 0 1 1 1 1 0 0 1 0 1 1 0 1 1 1 1 0 1 0 1 1 1 1 0 0 0 0 1 1 0 0 0 1 0 1 0 0 0 1 1 0 0 1 0
 1 1 1 1 1 1 1 1 0 0 0 0 0 1 1 1 0 0 0 0 0 1 0 0 1 0 1 1 0 0 1 1 1 0 1 0 0 1 0 0 1 1 0 1 0 0 0 1 1 0 1 0 1 1 0 0 0 1 1 0 1 0 0 0 1 0 0 1 0 1 0 0 1 0 0 1 0 1 0 1 1 0 1 0 0 0 0 1 1 1 0 0 0 0 0 0 0 1 0 0 0 1 1 0 1 1 1 1 1 0 1 1 0 0 0 1 1 1 1 0 0 0 0 1 0 0 0 0 1 0 1 1 1 0 1 0 0 1 1 0
 0 1 1 1 1 1 1 0 0 1 0 1 1 1 1 1 1 1 1 1 1 1 0 0 0 1 1 0 1 0 1 0 1 1 0 0 1 0 1 0 1 0 0 1 1 1 1 0 1 0 0 1 0 0 1 0 0 0 0 1 1 1 0 0 1 0 0 1 1 0 1 1 1 1 1 0 0 0 0 1 1 0 0 0 0 0 1 1 1 1 0 0 1 0 0 1 0 1 0 0 1 1 1 1 0 1 0 1 0 1 1 1 1 0 0 0 0 0 0 0 0 0 0 1 1 0 0 0 1 0 1 0 0 0 1 1 1 0 1 0
 1 1 1 1 1 1 1 1 0 0 1 0 1 0 0 0 1 1 1 0 0 0 0 0 0 1 0 1 0 0 1 0 0 0 0 0 0 0 0 0 0 0 1 0 1 1 0 0 1 1 0 0 0 1 1 0 0 1 1 0 1 1 0 0 1 0 0 1 1 0 0 1 1 0 0 1 0 0 0 0 0 1 1 0 1 1 0 1 1 1 0 0 0 0 0 0 1 0 1 0 0 1 1 1 1 1 1 0 1 1 1 0 0 0 1 1 1 0 1 0 0 0 1 1 1 0 0 1 1 1 1 0 0 1 1 0 0 0 1 1
 0 1 1 1 0 1 1 1 0 1 0 1 1 0 0 1 1 1 1 1 1 1 1 0 1 0 1 1 1 1 1 0 1 1 1 1 0 0 1 1 1 0 1 1 0 1 1 0 0 0 1 0 0 1 1 0 1 1 0 1 1 1 0 0 1 1 0 0 0 0 0 0 1 1 1 0 1 0 1 1 1 0 1 1 0 0 1 1 1 1 1 0 0 0 1 0 0 1 0 0 1 0 0 0 0 1 0 1 0 0 1 1 1 1 1 0 0 0 0 0 0 0 0 1 0 0 0 1 1 1 1 0 0 1 1 0 0 1 1 1
 1 1 1 0 1 1 1 0 0 0 1 1 0 0 1 1 0 1 0 0 0 1 1 0 0 1 1 1 1 0 1 1 0 1 0 1 0 1 0 0 1 1 0 1 0 1 1 0 1 0 1 1 1 0 1 0 0 0 0 1 1 0 0 0 1 0 1 0 0 1 0 0 1 0 0 1 0 0 0 0 1 1 1 0 0 0 0 1 1 1 0 1 1 0 0 1 0 1 1 0 1 1 1 0 1 0 0 0 0 1 1 0 1 1 1 0 0 1 1 1 0 0 1 1 1 0 0 1 0 1 0 1 1 1 0 0 0 1 0 1
 1 0 1 0 0 1 1 1 0 0 0 0 0 0 1 1 0 1 1 1 0 1 1 0 0 0 1 1 0 0 0 1 1 1 1 0 1 0 1 0 0 0 0 1 1 1 0 0 0 0 1 0 0 1 1 0 1 1 1 1 1 0 0 0 1 0 0 1 1 0 1 0 0 1 1 1 1 1 1 1 0 1 1 1 0 0 1 0 0 1 1 1 1 1 1 0 0 0 1 1 1 0 1 0 0 1 1 0 1 0 1 1 0 0 1 1 1 1 1 0 0 0 0 1 0 0 0 1 0 1 0 0 0 1 0 1 0 1 0 1
 0 0 1 1 1 0 1 1 1 1 1 0 1 0 0 1 1 1 0 1 0 0 1 1 1 0 1 0 1 0 1 0 1 0 0 1 0 1 1 0 1 0 0 1 0 1 0 1 1 1 0 1 1 0 1 0 1 0 0 1 1 1 1 0 1 0 0 1 1 0 1 1 1 1 0 1 0 0 0 1 1 0 1 1 0 0 1 0 1 1 1 1 1 0 1 1 0 0 0 1 0 0 0 1 1 1 1 0 0 0 0 0 1 1 0 0 0 0 0 1 0 0 0 0 0 0 1 0 1 1 1 1 1 1 1 1 1 0 1 1
 0 1 1 1 1 1 1 1 1 1 1 1 0 0 1 1 1 1 0 1 0 0 0 0 0 1 1 1 1 0 1 0 1 0 1 1 0 1 0 0 1 1 1 0 1 1 0 0 1 1 0 0 0 0 1 0 1 0 1 1 1 1 1 0 1 1 1 1 0 0 0 0 1 0 1 1 1 1 0 1 0 1 1 1 1 0 1 1 1 1 1 1 1 0 1 1 0 1 0 0 1 1 0 0 0 0 1 1 0 1 1 0 1 1 0 0 0 1 0 1 0 0 0 1 1 0 1 0 0 0 0 1 1 0 0 0 1 1 0 0
 1 1 1 0 0 1 0 0 0 1 1 1 1 0 0 1 1 1 1 1 0 1 1 0 0 1 1 1 0 0 1 0 1 1 0 0 1 1 1 1 1 0 0 0 1 1 0 0 0 0 0 1 1 0 1 1 1 1 0 1 1 0 1 0 1 0 1 1 0 1 0 1 0 0 0 0 1 1 1 0 0 0 1 1 1 0 0 1 1 1 0 1 0 1 0 0 0 1 0 0 0 0 0 0 1 1 0 0 0 0 1 0 1 1 1 0 0 0 0 0 0 0 0 1 0 0 1 1 0 1 0 1 1 1 0 0 0 1 0 1
 1 0 1 1 1 1 1 0 1 0 1 0 0 1 1 1 1 1 0 1 1 1 0 0 0 0 1 1 1 0 1 1 0 1 1 1 1 0 0 1 0 1 0 0 1 1 0 1 0 0 0 1 0 0 1 1 1 0 0 1 0 0 0 0 1 0 1 1 0 0 0 1 1 1 1 1 0 0 1 1 1 1 0 1 1 1 0 0 1 1 1 1 0 1 1 1 0 1 1 1 1 1 0 1 1 0 1 1 0 0 1 0 1 1 0 0 0 1 1 1 1 0 1 1 0 0 0 0 1 1 1 0 0 1 1 0 0 0 1 1
 1 1 1 1 1 1 1 0 0 0 0 0 0 0 0 1 1 0 0 1 1 1 0 0 1 1 1 1 0 1 0 0 0 0 0 1 1 0 1 1 0 1 1 0 0 1 0 1 1 1 1 0 1 1 1 1 1 1 1 1 1 0 0 0 1 0 0 0 1 1 1 1 0 1 0 1 1 0 1 0 1 0 1 0 1 1 1 1 1 1 0 1 0 1 1 0 1 0 0 0 0 0 1 0 0 0 0 1 1 1 1 1 1 0 1 1 0 1 1 1 0 0 0 1 1 0 0 1 0 0 0 0 0 0 0 0 0 0 0 0
 0 0 1 1 0 1 1 1 0 1 0 1 1 1 1 1 0 0 1 1 1 0 0 0 0 0 1 0 1 1 0 1 0 0 1 0 0 1 1 0 1 0 1 0 0 1 0 1 1 1 0 1 0 1 1 1 0 1 1 1 1 1 1 0 1 1 0 0 0 1 1 1 1 0 0 1 1 1 1 1 1 0 1 1 1 1 0 1 1 1 1 0 1 1 1 1 0 0 0 1 0 0 0 0 0 0 0 0 1 1 0 1 1 1 1 1 1 0 0 0 0 0 1 0 1 0 1 1 1 0 1 1 1 0 1 0 0 0 1 0
 0 1 1 1 1 1 1 0 1 0 1 0 1 0 1 1 0 1 0 1 1 0 0 1 1 0 1 0 1 0 0 1 1 1 0 1 0 1 1 0 0 0 1 0 1 1 0 1 0 0 1 1 1 1 1 0 0 0 1 1 1 0 0 0 1 1 1 0 0 1 1 1 0 1 1 1 1 1 1 1 1 0 1 0 1 1 0 0 1 1 1 1 1 1 0 1 0 1 1 0 1 0 1 0 0 0 0 1 0 1 0 0 0 0 0 0 0 0 1 0 0 0 0 0 1 0 0 0 0 0 0 0 0 0 0 1 0 1 0 0
 1 0 1 0 1 1 1 0 0 0 1 0 0 0 1 1 0 0 1 0 1 1 0 0 1 0 1 1 1 1 0 0 1 0 1 0 1 0 0 0 1 1 0 0 0 0 1 1 0 1 0 1 1 0 1 1 0 1 0 0 1 1 1 0 0 0 1 1 0 0 1 0 0 1 0 1 0 1 1 1 1 0 0 1 0 0 1 0 0 1 0 0 1 1 0 1 0 0 0 0 1 1 0 0 0 1 1 1 1 0 0 0 1 0 1 1 1 1 1 1 0 0 0 0 0 0 1 1 1 1 1 0 0 1 1 0 0 0 1 1
 1 0 0 1 1 1 1 0 0 1 0 0 1 0 0 1 1 1 1 0 1 1 0 0 1 0 1 1 1 0 0 0 0 0 1 0 1 0 0 1 0 1 1 1 0 1 0 1 1 1 0 1 1 0 1 1 1 0 1 1 1 1 1 0 1 1 1 1 0 0 1 1 0 1 0 0 1 1 1 1 0 1 0 0 0 1 1 1 1 1 0 0 0 1 0 0 0 0 0 1 0 1 1 0 1 1 0 0 1 1 0 1 0 1 1 1 1 0 0 0 0 1 1 0 1 0 0 1 0 0 0 1 1 0 0 0 0 0 0 0
 0 1 1 1 0 1 1 1 0 1 0 0 1 0 1 1 1 1 1 0 0 1 1 1 1 1 1 1 0 0 1 0 1 1 1 0 1 1 0 1 0 0 1 1 1 0 0 0 1 0 0 0 0 1 1 0 1 0 1 1 1 0 1 0 1 1 0 1 1 1 0 0 0 0 1 0 1 0 1 1 1 1 0 1 1 1 1 0 1 1 0 0 0 1 0 0 1 1 0 0 0 1 1 1 1 1 1 1 1 1 0 1 0 1 1 1 1 0 0 0 0 0 0 0 1 0 0 1 0 0 0 0 0 0 0 0 0 0 0 0
 1 1 1 1 0 0 1 1 1 0 1 1 1 0 1 1 1 1 0 0 0 1 0 1 0 1 1 0 0 0 0 1 1 1 0 1 1 1 1 0 0 0 0 1 1 1 1 1 0 0 1 0 1 1 1 1 0 0 1 1 1 0 0 0 1 1 0 1 0 1 0 0 0 0 0 0 1 1 0 0 1 1 1 1 1 0 1 1 1 1 1 1 0 1 1 0 1 1 0 1 0 1 0 0 0 1 1 0 1 1 1 0 0 1 1 1 1 0 1 0 0 0 0 1 1 0 0 1 0 0 0 1 1 0 0 0 1 1 0 0
 1 1 1 1 1 1 1 0 1 0 0 0 0 0 1 1 1 0 0 1 1 1 1 1 0 1 1 1 0 0 0 1 0 0 1 1 0 0 0 1 1 1 1 1 1 1 1 0 1 0 0 1 0 1 1 0 1 0 1 1 1 0 1 0 1 0 0 1 1 1 1 1 0 1 1 0 0 0 1 0 0 1 0 1 1 1 1 1 1 1 0 0 0 1 0 0 0 0 0 0 1 0 1 1 0 0 0 1 1 1 1 1 0 0 1 1 0 1 1 0 0 0 0 1 1 0 1 1 1 1 1 1 1 1 1 1 1 0 1 1
 1 1 1 0 1 1 0 0 0 0 1 0 1 0 0 1 1 1 1 0 0 1 1 0 1 0 1 0 0 1 1 1 1 0 1 0 0 0 0 0 1 1 1 1 0 0 0 1 1 1 0 0 1 0 1 0 0 0 0 1 1 0 0 0 1 0 0 1 1 0 1 1 1 0 0 1 0 1 0 0 1 0 0 1 1 0 0 1 1 1 1 0 1 0 1 0 0 1 0 1 1 1 0 0 1 0 1 1 0 0 1 0 1 1 1 0 0 0 1 0 0 0 0 1 0 0 1 1 0 1 0 1 1 1 0 1 0 0 0 1
 1 1 1 1 1 1 0 0 1 1 0 0 0 1 1 1 1 1 0 1 1 0 0 0 1 0 1 1 0 0 0 1 1 1 0 1 0 1 1 1 0 1 0 1 0 1 1 1 0 0 1 1 0 0 1 1 0 1 1 1 1 0 0 0 1 1 0 0 0 1 0 1 0 0 0 1 0 0 1 0 1 1 0 0 0 1 1 0 0 1 0 0 1 0 1 1 1 1 1 1 1 1 1 1 0 0 1 0 1 0 1 1 1 1 0 1 1 1 0 1 0 0 0 1 0 0 0 0 1 1 1 0 0 1 1 0 0 0 1 1
 0 1 1 0 0 1 0 0 0 0 0 1 0 0 1 1 0 1 1 1 0 0 0 0 1 0 1 0 1 0 0 0 1 0 0 0 0 1 0 0 0 0 1 1 0 0 0 0 1 1 0 0 1 1 1 1 1 0 0 1 1 0 0 0 1 1 1 0 1 1 1 0 0 0 1 0 1 1 1 1 1 0 1 1 1 0 1 0 1 1 1 1 0 0 1 0 0 0 0 1 0 0 0 0 0 0 0 1 1 0 1 1 1 1 0 1 1 1 1 0 0 0 0 1 0 0 0 0 0 0 0 0 0 0 0 0 0 0 0 0
 0 1 1 1 1 1 0 1 1 0 1 0 1 0 1 1 0 1 0 1 0 1 1 1 1 1 1 1 0 1 1 0 0 0 1 0 1 0 1 0 1 1 1 0 0 0 1 0 1 1 0 1 0 0 0 1 0 0 0 0 1 0 1 0 1 1 0 1 1 1 0 0 0 0 0 1 0 1 1 0 1 0 0 0 1 0 0 1 1 1 0 0 0 1 1 0 1 1 1 1 0 0 1 1 0 1 0 0 1 0 1 0 1 0 1 1 1 0 1 0 0 0 0 1 0 0 0 1 0 1 0 0 0 1 0 0 0 0 0 1
 1 0 1 1 0 1 1 1 1 1 0 1 0 0 1 1 0 0 1 1 0 1 0 0 1 0 0 1 0 0 1 1 0 1 1 1 1 0 0 0 1 0 1 0 1 1 0 0 1 1 1 0 1 1 1 0 0 1 1 0 1 0 1 0 1 1 0 0 0 1 1 1 1 1 0 1 1 0 1 1 1 1 0 0 0 0 0 0 1 1 1 1 1 1 1 1 1 0 1 1 1 0 1 1 1 0 1 0 1 0 1 1 0 0 0 1 1 1 0 1 0 0 1 1 0 0 1 0 0 1 0 1 1 1 0 1 1 0 0 1
 1 0 1 0 1 1 1 1 0 1 1 1 1 0 1 1 0 0 0 1 1 0 0 0 0 1 1 1 0 1 0 0 1 1 0 1 0 0 0 1 0 0 0 1 0 0 1 0 0 0 0 1 1 0 1 0 1 0 1 1 1 0 1 0 1 1 1 0 1 0 0 0 0 1 0 0 1 1 0 1 0 1 1 1 1 1 1 0 1 1 1 1 1 1 1 1 0 1 0 0 1 1 0 1 1 0 1 1 1 0 0 0 0 0 1 1 1 0 0 1 0 0 0 0 0 0 1 1 0 1 0 1 1 1 0 0 0 0 0 1
 1 1 1 0 0 1 1 1 0 0 0 0 1 0 0 1 1 1 1 0 0 0 1 0 1 0 1 0 0 0 1 0 0 1 0 0 0 0 0 0 0 0 1 1 1 1 0 0 0 0 1 1 1 1 1 1 0 0 1 1 1 1 0 0 1 0 1 0 1 1 1 1 1 1 1 1 0 0 0 0 0 1 0 0 1 1 1 1 1 1 0 0 1 1 0 1 1 0 1 1 0 0 1 0 0 1 0 1 1 0 1 1 0 1 1 1 1 0 1 1 0 0 0 1 0 0 0 1 0 0 0 1 1 0 0 1 0 0 0 0
 0 1 1 0 1 1 1 0 0 0 1 1 0 0 0 1 0 0 0 0 1 0 1 1 0 0 1 0 1 0 1 1 1 1 1 0 1 0 1 0 1 0 0 1 1 1 0 0 1 0 1 1 0 0 1 1 1 1 1 1 1 1 0 0 1 1 1 0 0 0 0 1 1 1 0 1 0 0 0 0 1 1 0 0 1 1 1 0 1 1 1 0 1 0 1 1 0 0 0 0 1 0 0 1 0 0 0 0 1 0 1 0 1 1 0 1 1 1 1 0 0 0 0 1 0 0 0 0 0 0 0 0 0 0 0 0 1 0 0 0
 0 0 0 0 0 1 0 0 0 0 0 0 1 0 0 1 1 1 0 0 1 0 1 1 1 1 1 0 1 0 0 1 0 1 1 0 0 0 0 1 1 1 1 0 1 1 1 0 0 0 0 0 1 0 1 1 0 1 1 1 1 0 0 0 1 1 1 0 1 1 0 1 1 1 0 0 1 0 0 0 1 0 0 0 1 0 1 0 1 1 0 0 0 1 0 0 0 0 1 1 1 0 0 1 1 0 0 0 1 0 0 1 0 1 0 1 1 0 1 0 0 1 1 0 0 0 0 0 0 1 0 0 0 1 0 0 1 0 0 1
 0 1 1 1 1 1 0 1 1 1 0 0 0 0 0 1 1 1 0 0 0 0 1 0 0 0 1 0 1 0 1 1 1 1 1 0 1 1 0 0 1 1 0 1 1 0 1 1 1 1 0 1 0 1 1 0 0 1 0 1 0 0 0 0 1 1 1 1 1 1 1 0 0 1 0 0 1 1 0 0 1 0 0 0 1 0 1 1 1 1 1 1 0 0 0 1 1 1 0 1 0 0 1 0 0 1 1 1 1 1 1 1 1 0 1 1 0 1 0 1 1 0 1 1 1 0 0 1 0 0 0 0 0 0 0 0 0 0 0 0
 1 1 1 1 1 1 0 0 0 1 1 1 1 0 0 1 0 0 0 1 0 1 1 0 1 1 1 0 0 0 1 1 0 0 1 0 0 1 0 0 0 0 0 0 1 0 0 1 0 1 0 1 1 0 1 1 1 1 0 1 1 1 0 0 1 0 1 0 1 1 1 1 1 0 0 0 0 1 1 0 0 1 0 0 1 1 1 0 1 1 0 1 1 1 1 1 0 0 0 1 1 0 1 0 1 1 1 1 0 0 0 0 0 0 1 0 0 0 0 1 0 0 1 0 0 0 0 1 0 1 0 1 1 1 0 0 0 0 0 1
 0 1 1 1 0 1 1 0 1 0 0 1 1 0 0 1 0 1 1 1 0 1 0 0 1 0 1 0 1 0 1 1 1 1 1 1 1 1 1 1 0 1 1 0 1 1 0 1 1 1 1 1 0 0 0 1 0 0 0 0 1 1 0 0 1 0 0 0 1 1 1 0 0 0 0 0 1 0 0 0 1 0 1 0 0 0 1 1 1 1 0 1 1 1 1 1 1 1 0 1 1 1 0 0 1 0 1 0 1 1 1 1 1 0 0 1 1 0 1 1 0 0 0 1 1 0 0 0 0 0 0 1 1 0 0 0 0 1 0 0
 1 1 1 0 0 1 1 1 0 0 0 0 0 0 0 1 1 0 1 0 1 1 0 0 1 1 1 1 0 1 0 1 1 0 0 0 1 1 1 1 0 1 0 1 1 0 0 0 1 0 1 1 0 1 0 1 1 0 1 0 1 1 0 0 1 0 1 0 1 1 1 0 0 1 1 1 0 0 0 1 0 1 0 0 0 1 1 0 1 1 0 1 0 0 1 1 1 1 0 1 1 1 0 1 0 1 0 1 1 0 1 1 0 0 1 1 1 1 1 1 0 0 0 1 0 0 0 1 0 1 0 1 1 1 0 0 0 1 0 1
 0 0 1 1 1 1 0 1 1 1 0 0 1 1 0 1 1 1 1 0 0 0 0 0 0 1 1 0 1 1 1 0 1 1 0 0 1 0 1 0 1 0 1 0 1 0 0 0 0 1 0 1 1 0 1 1 1 0 0 1 1 1 0 0 1 1 0 1 1 1 1 1 1 1 0 0 0 0 0 1 0 0 1 0 0 0 0 0 1 1 0 1 1 0 0 0 0 0 0 0 0 1 0 1 1 0 1 0 1 0 0 1 1 0 1 1 1 0 0 1 0 0 0 0 0 0 1 1 1 0 1 0 0 0 1 1 0 0 1 0
 0 0 1 0 1 1 0 0 0 0 1 1 1 1 1 1 1 0 1 0 0 1 0 0 0 0 1 0 0 0 1 1 0 0 0 0 1 1 0 1 1 1 0 0 1 1 0 0 1 1 1 0 0 0 1 1 1 0 1 1 1 0 0 0 1 1 1 0 1 0 1 1 0 1 0 1 0 1 1 0 0 1 0 0 1 1 1 0 1 1 1 1 1 1 1 1 1 1 0 0 1 1 0 0 1 1 1 0 0 0 0 0 0 0 0 0 0 0 1 1 0 0 0 0 0 0 0 0 1 1 1 0 0 1 1 1 1 0 1 1
 0 1 1 1 1 1 0 1 1 1 0 1 1 0 1 1 0 1 1 0 1 1 1 0 0 1 1 1 1 0 1 0 0 1 0 0 0 0 0 0 0 1 1 0 0 0 0 1 1 0 1 1 1 0 1 1 0 1 1 1 1 0 1 0 1 0 1 1 1 0 1 1 0 0 1 1 1 0 0 0 0 1 1 0 1 0 1 0 1 1 1 1 0 0 1 0 0 1 1 1 0 1 1 1 1 1 1 1 1 1 0 1 0 0 0 1 1 0 0 0 0 0 0 0 1 0 1 0 1 0 1 1 1 0 1 1 1 0 1 0
 1 1 1 1 0 1 0 1 0 0 0 0 1 0 0 1 0 1 1 1 0 0 1 1 1 0 1 0 1 0 0 1 1 0 1 1 1 0 0 1 0 1 1 0 1 0 1 1 1 1 0 1 1 0 1 1 0 0 0 0 1 0 1 0 0 0 1 1 0 0 0 0 0 0 1 0 1 0 1 1 1 1 1 0 1 0 1 0 0 1 0 1 1 1 0 1 1 1 1 0 1 1 1 0 0 1 0 1 1 1 0 1 1 1 0 1 1 0 1 0 0 0 0 0 1 0 0 0 0 1 0 1 1 1 0 0 1 0 0 1
 1 0 0 1 1 1 0 0 1 0 1 0 1 1 1 1 1 0 0 1 0 1 0 1 0 0 1 0 0 1 0 0 0 0 1 1 1 0 0 0 1 1 1 1 0 0 1 0 1 1 0 0 1 0 0 1 0 0 1 0 1 1 0 0 1 1 1 1 1 1 1 1 1 0 0 0 0 1 1 1 0 1 0 0 1 1 1 0 1 1 1 0 0 0 1 0 1 1 0 1 0 1 1 1 1 1 0 0 0 0 0 0 0 0 0 0 1 0 1 0 0 1 0 0 0 0 0 0 1 0 1 0 0 0 1 0 0 0 1 0
 0 1 1 0 1 1 1 1 1 0 1 1 1 0 0 1 1 0 1 1 0 0 0 1 0 1 1 0 0 1 1 1 1 1 1 0 0 0 0 1 1 1 1 0 0 0 0 0 1 0 1 0 1 0 1 0 1 1 0 0 1 1 0 0 0 0 0 1 1 0 1 0 1 1 1 0 1 0 0 1 0 0 1 0 0 1 1 0 1 1 1 1 1 1 1 0 1 0 1 0 0 1 0 1 0 0 0 1 1 0 1 0 0 0 0 1 1 0 1 1 0 0 0 1 0 0 0 0 0 0 0 1 1 0 0 0 1 0 0 0
 1 1 1 1 1 1 0 1 0 1 0 1 0 1 0 1 1 0 0 1 1 1 1 0 0 0 1 1 1 0 0 1 0 1 0 0 0 1 1 1 0 1 1 1 0 0 1 1 0 1 1 0 1 0 1 1 1 1 0 0 1 1 1 0 0 1 0 1 1 0 1 1 1 0 0 1 1 1 0 1 1 1 0 0 0 1 0 0 1 1 0 1 1 1 0 0 1 1 1 0 0 1 0 1 1 0 0 0 0 0 1 1 0 0 0 0 0 1 0 0 0 0 0 1 0 0 1 0 1 1 1 1 1 1 1 0 0 0 1 1
 1 0 1 1 1 1 1 1 0 0 0 1 1 0 0 1 1 0 1 1 1 1 0 0 1 1 1 0 1 0 0 1 0 0 1 1 0 1 1 0 0 1 0 0 0 0 1 0 0 0 1 1 1 0 1 0 1 1 0 1 1 0 0 0 1 1 1 0 1 1 0 1 1 0 0 0 0 0 0 1 0 0 0 1 0 1 0 0 0 1 0 1 0 1 0 0 1 1 1 0 0 1 1 1 0 0 0 1 1 0 0 1 0 0 1 1 1 0 1 1 0 0 0 0 0 0 0 1 0 0 0 0 0 0 0 1 1 0 0 0
 0 1 0 1 0 0 1 0 0 0 0 1 1 0 0 1 1 0 1 1 1 1 0 0 1 1 1 0 0 1 0 0 0 1 1 1 1 1 1 1 0 0 1 1 1 0 1 0 0 1 1 0 1 0 1 1 1 1 0 1 1 1 1 0 1 0 1 1 0 1 0 0 0 1 0 0 0 0 1 1 0 0 1 0 1 0 1 1 1 1 0 0 0 0 0 0 0 0 0 1 0 1 0 0 0 0 1 1 1 1 0 1 1 0 1 1 1 0 1 1 0 1 0 0 1 0 0 1 0 0 0 0 0 0 0 1 0 0 0 0
 1 1 1 1 0 1 0 0 1 0 1 1 1 1 1 1 0 0 1 1 1 0 0 0 0 1 1 1 0 0 0 1 0 1 1 0 1 0 1 1 1 0 0 0 0 1 1 1 0 1 0 1 0 0 1 0 1 0 1 1 1 1 0 0 1 1 0 0 1 1 1 0 1 0 0 1 0 0 1 0 1 0 1 1 1 1 1 1 1 1 0 0 1 0 1 1 1 1 1 0 1 0 0 0 1 0 0 1 0 1 0 0 1 1 0 0 1 0 1 0 0 0 1 0 1 0 0 0 1 0 1 1 1 0 1 1 0 0 1 0
 1 1 1 1 1 1 1 1 0 0 0 1 1 0 0 1 0 0 1 1 0 1 1 1 1 1 1 1 0 0 0 1 1 1 1 0 0 1 0 0 0 1 1 0 0 1 1 0 0 0 1 1 0 0 1 1 0 1 1 1 1 1 1 0 1 0 0 1 1 1 0 1 0 1 0 0 0 1 1 0 0 0 1 1 0 1 0 0 1 1 1 0 1 0 0 1 1 1 1 0 0 1 1 1 1 0 1 1 1 1 0 1 1 1 1 1 1 0 1 1 0 0 0 0 1 0 0 1 1 0 1 0 0 0 1 0 0 0 1 0
 0 1 1 1 1 1 1 0 0 1 1 1 0 0 0 1 0 1 0 0 0 1 1 1 1 0 1 0 0 0 0 0 1 1 1 0 0 1 0 1 1 1 0 1 0 0 0 0 0 0 0 1 0 0 1 0 1 0 0 0 1 0 1 0 0 0 1 1 0 1 1 0 0 0 0 0 1 0 0 1 1 0 1 0 1 0 0 0 0 1 0 0 1 1 0 1 1 0 0 1 0 1 0 1 1 0 1 0 0 1 1 0 0 0 1 0 0 1 0 0 0 0 0 1 1 0 0 1 0 1 0 0 0 1 0 1 0 1 0 1
 0 0 1 1 1 1 1 0 1 0 1 0 0 0 0 1 0 1 1 1 0 1 0 0 1 0 1 0 0 0 1 1 0 0 1 1 0 1 0 1 0 1 0 0 1 0 1 0 1 1 0 1 0 0 1 1 0 0 0 1 1 0 1 0 1 0 1 1 0 0 0 1 0 0 0 1 1 1 0 0 1 1 0 0 1 0 0 1 1 1 1 1 0 0 1 0 0 1 0 0 0 0 0 1 0 1 1 0 0 0 1 0 1 0 0 0 0 1 1 1 0 0 0 1 0 0 1 0 1 0 1 1 1 0 1 1 0 0 1 0
 0 1 1 1 0 1 1 0 1 0 1 1 1 0 0 1 0 1 0 1 0 0 0 0 1 1 1 1 0 1 0 1 0 1 1 0 0 1 0 1 0 0 0 1 1 0 1 0 1 1 1 0 0 1 1 1 1 0 0 1 1 1 0 0 1 1 0 0 0 1 0 0 1 1 0 1 0 0 1 1 1 0 1 1 1 1 1 0 1 1 0 0 1 1 1 0 0 0 1 1 1 1 0 0 0 1 0 0 0 1 0 0 0 1 0 0 0 0 1 1 0 0 0 0 1 0 0 0 0 0 0 1 1 0 0 0 0 0 0 0
 1 1 0 1 0 1 0 0 1 1 1 0 1 0 0 1 1 1 1 1 0 0 0 1 1 0 1 0 0 1 1 1 0 0 1 1 0 1 1 0 0 0 0 1 0 0 0 1 1 0 0 0 0 1 1 1 0 0 0 1 1 1 1 0 1 1 1 0 0 0 0 0 0 1 0 1 0 0 1 0 1 1 1 1 0 1 1 1 1 1 1 0 1 1 1 0 1 0 0 1 1 1 0 0 1 0 1 1 0 1 1 0 1 0 1 0 0 0 0 0 0 1 0 1 1 0 0 1 0 1 0 1 1 1 0 1 1 0 0 1
 0 1 1 0 1 1 1 0 0 1 0 1 0 0 1 1 1 0 0 1 1 1 1 1 0 0 1 0 0 1 0 1 0 1 1 1 1 0 0 1 1 0 1 0 0 1 0 1 0 1 1 1 1 1 1 0 1 1 0 1 1 1 0 0 1 1 0 0 1 0 1 0 1 0 1 1 0 0 0 0 0 1 1 1 1 1 0 1 1 1 0 0 0 0 1 0 1 1 1 1 0 1 1 0 0 1 1 0 1 0 1 1 0 0 0 1 1 1 0 1 0 0 1 1 0 0 1 0 0 1 0 1 1 1 0 0 0 0 0 1
 0 1 1 1 1 1 1 1 0 1 1 0 1 0 0 1 0 1 0 1 0 1 0 0 1 0 1 0 1 0 1 0 0 1 1 0 1 0 0 1 0 1 1 0 1 1 0 1 0 1 0 0 0 1 1 0 0 1 0 1 1 1 0 0 1 1 0 0 0 1 0 0 1 1 0 1 0 0 0 0 0 1 1 1 1 0 0 0 1 1 0 0 0 0 1 1 1 0 1 1 1 1 1 0 0 0 0 0 0 1 0 0 0 0 1 0 0 0 0 0 0 0 0 0 1 0 1 1 0 0 0 1 1 0 0 0 1 0 0 0
 0 1 0 1 0 1 0 0 0 1 0 1 0 0 1 1 0 0 1 1 1 0 1 0 0 0 1 1 1 0 0 1 1 0 0 1 0 1 0 0 0 0 0 1 1 0 1 0 1 1 0 1 0 1 1 1 0 1 0 1 1 0 1 0 1 0 1 1 0 0 0 0 1 1 0 0 1 1 1 1 0 0 0 0 1 0 1 0 0 1 1 0 0 0 0 1 1 0 0 0 0 1 1 0 0 0 1 0 1 1 0 1 0 0 1 1 1 1 0 1 0 1 0 0 1 0 0 1 1 0 1 0 0 0 1 0 0 1 1 0
 1 0 1 1 0 1 0 0 1 1 0 1 0 0 0 1 0 1 0 1 0 1 0 0 0 0 1 0 0 0 1 1 0 0 1 0 0 0 1 1 0 1 1 1 0 1 0 0 0 1 1 0 1 0 1 0 0 1 1 0 1 0 1 0 1 0 1 1 0 1 1 1 0 1 1 1 1 1 0 1 1 1 1 0 0 0 0 1 0 1 1 0 0 1 1 1 1 0 0 0 0 1 1 1 1 0 1 1 1 0 1 1 1 1 0 1 1 1 0 1 0 0 1 1 0 0 0 0 0 0 0 1 1 0 0 0 0 0 0 0
 1 1 1 1 0 1 0 1 0 1 1 1 1 0 1 1 0 0 1 1 1 0 0 0 0 1 1 1 1 1 0 0 0 0 1 1 0 0 1 1 0 1 0 1 0 0 1 1 1 1 1 0 0 1 1 0 1 1 0 1 1 0 0 0 1 0 1 0 0 1 0 1 0 0 0 0 1 0 0 0 0 0 0 1 1 0 1 0 1 1 1 0 0 1 0 1 1 1 0 1 1 0 0 0 1 1 0 0 0 1 0 0 1 1 1 0 0 0 0 1 0 0 0 0 1 0 0 1 0 0 0 0 0 0 0 1 1 0 0 0
 0 0 0 0 1 1 0 0 1 0 0 1 0 0 0 0 0 0 0 0 1 1 1 1 0 0 0 1 0 0 0 1 0 1 0 1 1 1 0 1 1 0 0 1 1 0 0 0 0 0 0 1 1 1 1 1 0 1 1 0 1 0 1 0 1 1 0 0 1 0 1 1 0 1 0 1 1 0 1 1 0 0 1 1 0 1 0 1 1 1 0 0 1 0 0 0 1 0 0 0 0 0 0 1 1 0 0 0 1 0 0 1 0 0 0 1 1 1 1 0 0 1 1 0 0 0 1 0 0 1 0 1 1 1 0 0 1 0 0 1
 1 1 1 1 1 1 1 1 0 0 0 0 0 0 0 1 0 0 1 1 1 0 1 1 1 1 1 0 0 0 0 1 1 0 0 0 0 1 1 1 1 0 1 0 0 0 0 1 0 1 1 0 1 0 1 0 1 1 1 1 1 1 1 0 1 0 1 0 0 0 0 1 0 1 1 0 0 1 1 1 1 0 0 0 0 0 1 0 1 1 0 1 1 0 0 1 1 0 1 1 0 0 0 1 0 0 1 0 0 1 1 1 1 1 1 0 0 1 1 0 0 0 0 1 1 0 0 1 0 1 0 0 0 1 0 1 1 1 0 1
 0 1 1 1 1 1 1 0 1 1 0 1 1 1 1 1 0 1 0 1 1 1 0 0 1 1 1 1 1 1 0 0 1 1 1 0 0 0 0 1 0 1 1 0 0 1 0 1 0 1 1 1 1 1 1 0 0 0 0 1 1 0 1 0 1 0 1 0 0 1 0 0 1 0 1 0 1 1 0 0 1 0 1 0 0 0 0 0 1 1 0 0 0 0 1 1 0 1 1 0 0 0 0 0 1 1 0 0 1 1 0 1 1 1 1 1 0 0 0 0 0 0 1 0 1 0 0 1 1 0 1 1 1 0 1 0 0 0 1 0
 0 0 1 1 0 1 1 0 0 0 0 1 0 0 1 1 0 1 1 1 1 1 0 1 1 0 0 1 0 0 0 0 0 0 0 1 1 1 1 1 1 0 0 0 1 1 1 1 0 0 0 0 1 1 1 1 1 0 0 0 1 1 1 0 1 1 0 1 1 1 1 0 1 1 0 1 0 0 1 1 0 1 0 0 0 0 1 1 1 1 0 0 1 1 0 0 0 0 1 1 0 0 0 1 0 1 1 0 1 0 1 1 0 1 1 1 1 1 1 1 0 0 1 1 0 0 0 1 0 0 0 0 0 0 0 1 0 1 0 0
 0 1 1 1 1 0 1 1 1 0 0 1 0 0 0 1 1 0 0 1 1 1 1 1 1 1 1 1 0 0 1 0 0 0 0 1 0 1 0 0 1 0 0 0 1 1 0 0 0 1 0 0 0 1 0 1 1 0 0 0 1 0 1 0 0 0 0 1 1 0 0 1 1 0 0 1 0 1 1 0 0 1 1 1 0 1 1 1 1 1 0 1 1 0 1 0 1 0 1 1 0 0 0 1 1 1 0 1 1 1 1 1 1 1 0 1 1 1 1 0 0 0 0 1 1 0 0 0 1 0 1 1 1 0 1 0 0 0 1 0
 1 0 1 1 1 1 0 0 0 1 0 0 1 0 1 1 1 1 0 0 1 0 0 1 1 1 1 1 1 0 1 0 1 0 1 0 0 0 0 1 1 1 0 1 1 1 0 0 1 1 1 0 0 0 1 0 1 1 0 1 1 0 1 0 1 0 0 1 1 0 1 1 0 0 0 1 0 1 1 0 1 0 1 0 0 0 0 0 1 1 0 1 0 0 0 1 0 0 0 0 1 1 0 1 0 0 1 0 0 1 0 1 1 0 1 0 0 0 0 0 0 0 0 0 1 0 1 1 1 1 1 1 1 1 1 0 0 0 1 1
 1 1 1 1 1 1 0 1 0 0 1 1 0 0 1 1 1 0 0 1 1 1 0 1 1 1 1 1 1 1 1 1 1 1 1 1 1 1 0 1 1 0 0 1 1 1 1 1 1 0 0 1 0 0 1 0 0 0 0 0 1 0 1 0 0 0 0 1 0 1 1 0 0 0 1 0 0 1 1 0 0 0 0 0 1 0 0 1 1 1 1 0 1 1 1 1 0 1 1 0 0 0 1 0 0 0 0 1 0 1 1 0 1 1 0 0 0 1 1 1 0 0 0 1 1 0 1 0 0 1 0 1 1 1 0 0 0 0 0 1
 0 1 1 1 1 1 1 1 0 1 1 1 1 0 0 1 0 0 0 0 1 0 0 0 0 0 1 0 0 0 1 0 1 0 0 1 1 0 1 1 0 0 1 1 0 0 1 1 0 1 1 0 1 1 0 1 1 0 1 0 1 1 1 0 1 0 0 1 0 0 1 0 1 0 1 0 0 0 0 0 1 0 1 1 0 1 1 0 1 1 1 1 0 1 0 0 0 1 1 0 0 0 0 0 1 0 0 1 0 1 0 0 0 1 0 0 0 0 0 0 0 0 0 0 1 0 0 0 0 0 0 1 1 0 0 0 0 0 0 0
 1 1 1 1 1 1 0 1 0 0 0 0 0 0 0 1 0 0 0 1 0 1 0 0 0 1 1 1 1 1 1 0 1 1 0 0 1 1 0 0 1 0 0 1 1 0 1 0 0 1 0 1 0 1 1 1 0 1 0 1 1 0 1 0 1 1 0 1 1 1 1 0 0 1 1 0 0 1 1 1 1 0 0 1 0 0 1 0 1 1 1 1 0 0 1 0 1 0 0 1 0 0 0 1 1 1 1 0 1 1 1 1 0 0 1 1 0 1 1 0 0 0 0 1 1 0 0 1 1 0 1 0 0 0 1 0 1 0 1 0
 1 0 1 1 1 1 0 0 0 1 0 1 0 0 0 1 1 1 1 1 1 1 0 1 1 0 1 0 0 0 1 1 1 1 1 1 1 0 1 1 1 1 1 1 1 1 0 1 1 0 0 1 1 1 1 1 0 0 0 0 1 1 0 0 0 1 1 1 0 1 0 1 1 1 1 1 0 0 1 1 0 0 0 1 0 1 0 0 1 1 0 0 1 0 0 1 1 1 1 1 0 1 0 0 0 1 1 1 1 1 0 1 1 0 1 1 1 1 0 0 0 0 0 0 1 0 1 1 0 0 0 1 1 0 0 0 0 0 0 0
 1 1 1 0 1 1 0 1 0 0 0 1 1 0 0 1 0 1 1 0 0 1 1 0 0 0 1 0 1 0 0 1 1 0 1 1 1 1 0 0 1 0 0 0 0 0 0 0 0 1 1 0 0 1 1 0 0 0 0 1 1 1 1 0 1 1 0 1 1 1 1 0 0 0 0 1 0 1 0 0 1 0 1 0 1 0 1 0 1 1 0 1 0 1 0 0 0 1 0 0 1 1 1 0 1 0 1 0 0 0 1 1 0 0 1 0 0 0 1 1 0 0 1 1 0 0 1 1 0 0 0 1 1 0 0 0 0 0 0 0
 1 1 1 1 1 1 0 1 0 1 0 0 0 0 1 1 0 0 1 1 1 0 1 1 1 0 1 0 1 1 1 1 1 1 0 0 0 1 1 1 0 1 1 1 1 1 1 1 0 1 0 0 1 1 0 0 1 1 1 0 1 0 1 0 0 0 0 0 0 1 1 0 1 0 0 1 1 0 1 1 1 0 1 0 1 1 1 1 1 1 1 0 1 0 0 1 1 0 0 1 1 1 1 1 1 0 1 1 0 0 0 1 1 1 1 0 0 1 0 0 0 0 0 0 0 0 0 1 0 1 0 0 0 1 0 0 0 0 0 1
 0 1 1 1 1 1 0 1 1 1 1 0 1 1 1 1 1 0 1 0 0 0 0 0 0 1 1 0 1 0 0 1 0 0 1 1 0 1 1 0 0 1 1 1 0 0 0 1 0 0 1 0 1 0 1 1 1 1 0 1 1 1 1 0 1 0 1 0 1 1 1 0 0 0 0 1 0 1 0 1 0 1 1 1 1 0 1 1 1 1 0 1 1 0 0 0 0 1 0 0 0 1 1 0 0 0 1 0 0 1 0 0 1 1 0 0 0 0 0 1 0 0 0 0 1 0 0 0 1 0 1 1 1 0 1 0 0 0 1 0
 1 1 0 1 0 1 0 1 1 0 1 0 1 0 1 1 1 0 1 0 1 0 1 0 0 1 1 1 1 0 1 0 0 1 1 1 0 0 1 0 1 1 1 1 0 1 0 1 0 1 0 1 0 1 0 1 0 1 0 0 1 1 0 0 1 1 0 0 1 0 1 1 0 1 0 1 0 1 0 1 0 1 1 0 1 1 1 1 1 1 0 0 1 0 1 0 1 0 1 1 0 0 1 1 1 1 1 1 0 1 0 0 0 0 1 0 0 0 1 0 0 1 0 0 1 0 1 1 0 1 0 0 0 1 0 0 0 1 0 1
 1 1 1 0 0 1 1 1 1 1 1 1 0 0 0 1 1 1 0 0 1 0 1 0 1 0 1 1 1 0 0 1 1 0 1 1 1 0 1 0 0 0 1 1 0 1 1 1 1 0 1 1 0 1 1 1 1 1 0 1 1 1 0 0 1 0 1 1 0 1 0 1 1 1 0 0 1 0 1 1 1 0 1 0 0 1 0 1 1 1 1 1 1 1 0 1 0 1 0 0 0 1 1 1 1 0 1 1 0 1 1 0 1 0 0 0 1 1 0 1 0 0 0 1 1 0 1 0 0 0 0 1 1 0 0 0 0 0 0 0
 1 0 0 1 1 1 0 1 0 0 1 1 0 0 0 1 0 0 0 0 0 1 0 0 0 0 1 1 1 1 1 1 1 1 0 1 1 0 0 0 0 0 0 1 1 1 1 1 1 1 0 0 1 0 1 1 1 0 1 1 1 1 0 0 1 1 1 0 1 0 1 0 0 0 1 0 0 0 0 0 1 0 0 1 0 1 1 1 1 1 1 0 0 0 1 0 0 1 0 1 1 1 0 0 1 1 0 1 0 0 1 0 1 1 1 0 0 1 1 0 0 1 0 1 0 0 1 1 1 0 1 1 1 0 1 0 1 1 1 0
