8
   15
   16
   17
   18
   19
   20
   21
   22


 1 0 1 1 0 0 1 0
 1 0 0 0 1 0 1 0
 0 1 1 0 1 0 0 0
 0 1 0 1 1 1 1 1
 0 0 0 1 1 1 1 0
 0 1 1 0 0 0 0 0
 0 1 0 0 1 0 1 0
 0 0 0 1 1 0 0 0
 1 1 0 0 1 1 0 0
 1 1 0 0 1 1 0 0
 1 0 0 1 1 1 1 0
 1 0 1 0 0 0 1 0
 0 0 1 1 1 1 1 0
 1 0 1 1 0 1 0 0
 0 0 0 0 1 1 1 0
 0 1 0 1 1 1 1 1
 1 1 0 1 1 0 1 0
 1 0 0 1 1 0 1 0
 1 0 1 1 0 0 0 0
 1 1 1 1 0 0 0 0
 1 1 1 0 0 0 0 0
 1 0 1 1 0 1 1 0
 0 1 0 0 1 1 0 0
 1 0 1 1 0 0 0 0
 1 1 1 1 0 1 0 0
 0 1 1 0 0 0 0 0
 1 0 0 0 1 0 1 0
 1 1 0 0 1 1 1 0
 1 0 1 0 0 0 0 0
 1 0 1 1 0 0 0 0
