22
  353
  357
  360
  367
  374
  381
  388
  392
  395
  398
  401
  405
  409
  413
  417
  421
  425
  432
  439
  446
  450
  453


 0 0 1 0 0 0 1 0 0 0 1 1 1 1 0 0 0 0 1 1 1 1
 1 0 0 1 0 0 0 0 0 0 0 1 1 0 0 0 1 0 0 0 1 1
 0 0 0 1 1 0 0 0 0 0 1 0 0 0 0 0 1 0 1 1 1 1
 0 0 0 0 0 0 0 0 0 1 0 1 0 0 0 0 1 0 0 0 1 1
 1 0 1 0 0 0 0 0 0 1 1 1 1 0 1 1 1 0 0 0 1 1
 0 0 0 0 0 0 1 0 0 0 1 1 0 1 0 1 1 1 0 1 1 0
 0 0 1 0 0 0 0 0 0 1 1 1 0 1 1 0 1 0 1 1 1 1
 1 0 0 0 0 0 0 0 0 1 0 1 0 0 1 0 1 0 1 1 1 1
 0 0 0 1 0 0 0 0 0 0 0 0 0 0 0 0 1 0 0 0 1 1
 1 0 1 0 0 0 0 0 0 0 1 0 1 1 0 1 0 0 1 1 1 1
 1 0 0 1 0 0 1 0 0 0 0 0 0 1 0 0 1 1 1 1 1 1
 1 0 1 1 0 0 1 1 0 0 1 0 0 1 0 1 1 0 1 1 1 0
 1 0 0 0 0 0 0 1 0 0 0 1 0 1 1 0 1 1 1 1 1 1
 1 0 1 0 1 0 1 0 1 0 0 0 0 0 0 0 0 1 1 1 0 1
 0 0 1 1 0 0 0 1 0 0 1 0 0 1 0 0 1 0 0 0 1 0
 0 0 1 1 1 0 0 1 0 0 1 1 0 1 0 0 0 1 0 0 1 0
 0 0 0 0 1 0 0 1 0 1 0 0 0 1 1 0 0 1 0 0 1 1
 1 0 1 1 0 0 0 0 1 1 1 1 1 1 1 1 1 0 1 1 1 0
 1 0 1 0 1 0 1 0 0 0 1 1 0 0 1 1 1 0 0 1 1 0
 1 0 1 0 0 0 0 0 0 0 1 0 0 1 1 0 0 1 0 0 1 0
 1 0 1 1 1 0 1 1 0 0 0 1 0 0 0 0 0 0 0 0 1 1
 0 0 0 0 0 0 1 1 0 0 1 1 1 1 0 0 0 1 1 1 1 0
 1 0 1 0 0 0 0 1 0 1 1 0 1 1 1 1 0 0 1 1 1 1
 1 0 0 0 0 0 1 1 0 0 0 0 0 1 0 0 0 0 0 0 1 1
 1 0 0 1 0 0 0 0 0 1 1 1 1 0 1 0 0 0 0 1 1 0
 0 0 0 0 0 0 0 0 0 0 1 0 1 1 1 1 0 1 0 0 1 1
 1 0 0 0 0 0 0 0 0 0 0 0 0 0 0 0 0 0 1 1 0 1
 1 0 1 1 1 1 1 1 0 1 0 1 0 1 0 0 0 1 0 0 1 1
 1 0 0 0 0 0 0 1 0 1 0 1 0 1 1 0 1 1 0 0 1 0
 0 0 1 0 0 1 0 0 0 1 0 0 1 0 1 0 0 1 0 0 1 1
 1 0 0 1 0 0 1 0 1 1 0 0 1 1 0 0 1 0 1 1 1 1
 0 0 0 0 0 0 0 0 0 0 0 0 1 1 1 1 0 0 1 1 1 1
 1 0 0 1 0 1 0 0 0 0 0 0 1 1 1 0 0 1 0 0 1 0
 0 0 1 1 0 0 1 1 0 0 1 0 0 0 0 0 0 0 0 0 1 1
 0 0 1 1 0 0 1 1 0 1 0 1 1 1 0 0 1 1 0 0 1 1
 1 0 1 1 0 0 0 1 0 0 0 0 1 0 0 1 0 1 1 1 1 1
 1 0 1 1 0 0 0 1 0 0 1 0 1 1 1 0 1 1 0 0 1 0
 1 0 0 0 0 1 0 1 0 1 0 0 1 0 0 1 1 0 1 1 1 0
 1 0 0 0 1 0 1 1 0 0 0 1 0 1 0 0 0 1 1 1 1 1
 0 0 1 0 0 0 0 1 0 0 0 1 0 0 0 0 0 1 0 0 1 0
 1 0 0 1 0 1 0 1 0 0 0 0 0 0 0 1 1 0 1 1 1 0
 1 0 1 1 1 1 0 1 0 0 1 1 1 0 1 0 0 1 1 1 1 0
 1 0 1 1 0 0 1 1 0 1 1 1 0 1 1 1 0 0 1 1 1 0
 1 0 1 1 0 0 0 0 0 1 1 1 1 1 0 1 1 0 0 0 1 1
 1 0 1 0 0 0 1 1 0 1 0 1 1 1 0 0 0 1 1 1 1 0
 0 0 0 1 0 0 0 1 0 1 0 1 1 0 1 1 1 0 1 1 1 1
 0 0 0 1 0 1 0 0 1 0 0 0 0 0 0 0 0 1 1 0 0 1
 1 0 1 1 0 1 1 1 0 0 1 0 1 1 0 1 0 0 1 1 1 0
 0 0 0 0 0 0 1 1 0 0 1 1 0 1 1 1 0 1 0 1 1 0
 1 0 0 1 0 0 0 0 0 1 1 1 1 1 1 0 0 1 1 1 1 1
 1 0 1 1 0 0 0 0 1 1 1 1 1 1 1 1 1 0 1 1 1 1
 0 0 0 1 0 0 0 0 0 1 1 0 0 1 0 1 1 1 0 1 1 0
 1 0 1 0 0 0 0 1 0 0 0 0 1 1 0 0 1 1 0 0 1 1
 1 0 1 1 0 0 0 0 0 1 0 1 1 0 0 1 0 0 1 1 1 0
 1 0 0 1 0 0 1 0 0 0 1 1 0 0 1 0 0 0 0 0 1 1
 1 0 1 0 0 0 1 0 0 1 0 0 1 0 0 1 1 0 1 0 1 0
 0 0 0 0 1 0 1 1 0 1 1 0 1 1 0 0 1 0 0 0 1 1
 0 0 0 1 0 0 1 1 0 0 1 1 0 1 0 1 1 1 0 0 1 1
 0 0 1 1 0 0 1 1 0 0 1 1 1 1 1 1 0 1 1 1 1 0
 0 0 1 1 0 0 1 0 0 1 1 1 1 0 0 1 0 1 0 0 1 0
 0 0 0 0 0 0 0 0 0 0 0 1 0 0 1 0 1 1 0 0 1 0
 1 0 0 1 0 1 0 1 0 1 0 0 0 0 1 1 1 0 1 1 1 1
 0 0 1 1 0 0 0 0 0 0 0 1 1 0 1 1 0 0 1 0 1 1
 1 0 0 1 1 0 1 0 0 0 1 1 1 0 0 0 1 0 1 1 1 0
 1 0 0 1 0 0 0 1 0 0 1 1 0 1 0 1 0 1 1 1 1 1
 0 0 0 1 0 1 0 0 0 0 1 1 1 1 0 1 0 1 0 0 1 0
 0 0 0 0 0 1 0 1 0 0 1 0 1 0 0 1 0 0 0 0 1 0
 0 0 1 1 0 0 0 0 1 0 1 0 1 1 0 1 0 0 1 1 1 1
 0 0 0 1 1 0 1 1 0 0 0 1 1 0 1 0 1 1 1 1 1 1
 1 0 1 0 0 1 0 1 0 1 0 0 1 0 1 0 1 1 1 1 1 0
 1 0 0 1 1 0 0 0 0 0 0 0 0 1 0 1 0 0 1 1 1 1
 1 0 0 1 1 0 0 1 0 0 1 0 0 1 1 0 1 1 1 1 1 1
 0 0 1 1 0 1 0 1 0 0 0 0 0 0 0 1 0 1 0 0 1 1
 1 0 1 0 0 0 0 1 0 0 0 0 1 1 1 0 1 1 1 1 1 1
 1 0 0 0 1 0 0 1 0 0 0 1 1 1 0 1 0 1 1 1 1 0
 0 0 0 0 1 0 1 1 0 1 1 1 0 1 1 0 0 1 0 0 1 0
 1 0 1 0 1 0 1 0 0 0 0 1 0 1 0 0 0 1 1 0 1 1
 1 0 1 0 0 1 0 1 0 1 0 0 1 0 0 0 0 1 1 1 1 1
 0 0 1 1 0 0 0 1 0 1 1 1 0 1 1 0 1 1 1 1 1 1
 0 0 0 1 0 0 0 0 0 0 0 0 1 0 1 1 1 1 1 1 1 0
 0 0 0 1 1 0 0 1 0 0 0 1 0 1 1 1 1 0 0 0 1 0
 0 0 1 0 0 1 0 1 0 0 0 1 1 0 1 0 1 0 1 1 1 1
 1 0 0 0 0 0 0 1 0 0 1 0 0 0 0 0 0 0 0 0 1 1
 0 0 1 1 0 0 0 0 0 0 1 1 1 1 0 1 1 0 1 1 1 1
 0 0 0 0 0 0 0 1 0 1 1 1 0 1 1 1 0 1 1 1 1 1
 1 0 0 0 0 0 0 1 0 1 1 1 0 0 1 0 1 0 0 0 1 0
 1 0 0 0 0 0 0 1 0 1 0 1 0 1 1 1 1 0 1 1 1 0
 0 0 0 1 0 1 0 1 0 1 1 0 1 1 1 1 1 1 0 0 1 0
 0 0 1 1 0 0 0 0 1 1 1 1 1 1 1 1 1 0 1 1 1 0
 1 0 0 1 0 0 0 1 0 0 0 0 1 1 1 1 0 0 1 1 1 1
 0 0 0 1 1 0 1 1 0 0 0 1 1 1 1 0 1 1 0 0 1 0
 1 0 0 0 0 0 0 0 0 1 1 1 0 1 1 1 0 0 1 1 1 1
 1 1 0 0 0 0 0 0 0 0 0 0 0 1 0 1 0 0 1 1 1 1
 0 0 1 0 0 0 0 1 0 1 0 0 1 0 0 0 0 0 1 1 1 1
 0 0 1 0 0 0 0 1 0 1 1 0 0 0 0 0 1 1 0 0 1 1
 0 0 1 1 0 1 1 1 0 0 1 1 1 0 1 0 0 1 1 0 1 0
 0 0 1 0 0 0 0 1 0 0 1 1 0 1 1 0 1 1 0 0 1 0
 0 0 1 0 0 0 1 1 0 0 1 0 0 0 1 1 0 1 0 0 1 0
 1 0 0 1 0 0 0 0 0 1 1 1 0 0 0 0 1 0 1 1 1 0
 0 1 0 1 0 0 0 0 0 0 0 1 0 1 0 0 0 0 1 1 1 0
 0 0 1 1 0 0 0 0 0 1 0 0 0 0 0 0 0 0 0 0 1 1
 0 0 1 0 0 0 0 0 0 0 0 0 0 0 0 0 0 1 1 1 0 1
 1 0 1 1 0 0 0 0 0 0 0 0 0 0 1 0 0 0 0 0 1 1
 1 0 1 0 0 0 0 1 0 0 1 0 0 1 0 0 0 1 1 1 1 1
 0 0 1 1 0 0 0 0 1 1 1 1 0 1 0 0 1 0 0 0 1 0
 0 0 1 1 1 0 0 0 0 1 0 1 0 1 0 0 1 0 1 0 1 0
 0 0 0 0 1 1 0 0 1 0 0 0 0 0 0 0 0 1 1 1 0 1
 1 0 1 0 0 0 0 1 0 0 1 1 1 1 1 1 1 0 0 0 1 0
 0 0 1 0 1 1 0 1 0 1 0 1 0 0 1 1 1 1 0 0 1 0
 1 0 1 1 0 0 0 0 1 1 1 0 0 1 0 0 0 1 0 0 1 1
 1 0 1 0 0 0 0 0 0 1 1 0 0 1 1 1 1 0 1 1 1 0
 0 0 0 1 1 0 0 0 0 0 0 0 1 0 1 0 0 0 1 1 1 0
 1 0 1 0 0 0 0 0 0 1 1 1 0 1 0 0 0 1 1 1 1 1
 0 0 1 0 1 0 1 1 0 1 0 0 1 0 1 1 0 0 1 1 1 0
 1 0 0 0 0 0 0 0 0 0 0 0 0 0 0 0 1 1 0 0 1 1
 0 0 0 0 0 0 0 1 0 0 0 1 0 0 1 0 1 1 0 0 1 1
 0 0 1 0 0 0 0 0 0 1 1 0 1 0 1 1 0 0 0 0 1 1
 0 0 1 1 0 0 1 1 0 1 1 1 0 1 0 1 1 1 1 1 1 1
 1 0 0 1 1 0 0 1 0 0 0 1 0 1 1 0 1 0 1 1 1 0
 0 0 1 0 1 0 1 1 0 1 1 0 1 0 1 1 0 0 0 0 1 1
 1 0 0 1 0 1 1 0 1 0 1 0 0 0 0 0 0 1 0 0 1 0
 1 0 0 0 0 0 0 0 0 0 0 0 0 0 0 0 1 0 0 0 1 0
 1 0 0 1 0 0 0 0 0 1 1 0 1 0 0 1 0 1 1 1 1 0
 1 0 0 1 0 0 0 1 0 1 0 1 0 1 0 1 1 0 0 0 1 1
 0 0 1 1 1 0 0 0 0 0 0 0 1 0 1 0 0 1 1 1 1 1
 0 0 1 1 1 0 0 1 0 0 1 1 1 0 0 0 0 1 0 0 1 1
 0 0 1 0 0 0 1 1 0 0 0 0 1 1 0 0 1 1 0 1 1 1
 0 0 1 1 0 0 1 1 0 1 0 1 1 0 1 0 1 1 0 0 1 1
 1 0 1 0 0 0 1 0 0 1 1 1 0 0 0 0 0 0 0 0 1 0
 0 0 0 1 0 0 0 1 0 0 0 0 0 1 0 0 0 1 0 1 1 1
 0 0 0 0 1 1 1 1 0 0 0 1 0 0 1 1 1 0 1 1 1 0
 0 0 0 1 0 0 0 1 0 0 0 1 1 0 1 1 0 1 1 1 1 0
 0 0 0 1 1 0 1 0 0 1 0 0 1 1 0 1 1 0 0 0 1 0
 0 0 0 0 0 1 0 0 0 0 1 0 0 0 0 0 0 1 0 0 1 1
 1 0 1 1 0 0 1 0 0 0 1 1 0 0 1 0 1 0 1 1 1 0
 1 0 0 1 1 0 1 1 0 1 1 0 0 1 1 1 1 0 1 1 1 0
 1 0 0 0 0 0 1 1 0 1 0 1 1 1 1 0 1 1 1 0 1 0
 0 0 1 0 0 0 0 0 0 1 0 0 1 0 1 1 1 1 0 0 1 0
 0 0 0 1 0 1 0 1 0 0 0 0 0 0 0 0 0 1 1 1 0 1
 1 0 1 0 0 1 0 1 0 0 0 0 1 0 0 0 0 1 0 1 1 1
 0 0 1 1 0 0 0 1 0 1 1 0 0 1 0 0 0 1 0 0 1 1
 1 0 1 0 0 0 0 0 0 1 1 0 1 0 1 1 1 0 1 1 1 0
 0 0 0 0 0 0 1 1 0 1 1 0 1 0 1 0 1 1 0 0 1 1
 0 0 1 0 0 0 1 1 0 0 1 0 1 1 0 1 1 1 0 0 1 0
 1 0 0 1 1 0 0 1 0 0 0 1 1 0 1 1 0 0 1 1 1 1
 1 0 0 0 0 0 1 1 0 0 1 1 1 1 1 1 1 1 0 0 1 1
 1 0 0 0 0 0 1 1 0 1 1 1 1 0 1 1 1 1 0 0 1 0
 1 0 0 1 1 0 1 1 0 1 1 0 1 0 0 1 1 1 0 1 1 0
 1 0 1 1 0 0 0 0 1 0 0 0 1 1 1 1 0 0 1 1 1 0
 0 0 1 1 0 1 0 0 0 1 1 1 0 1 1 0 0 0 0 0 1 1
 0 0 1 1 1 0 0 1 0 0 0 0 0 1 0 0 1 1 1 0 1 1
 0 0 1 0 1 0 0 1 0 1 0 0 1 0 0 1 1 1 1 1 1 0
 1 0 1 0 0 0 0 0 0 0 0 0 0 0 0 0 0 0 1 1 0 1
 1 0 0 0 0 0 1 1 0 1 1 1 1 0 0 0 0 1 1 1 1 0
 0 1 0 1 0 0 0 0 0 1 0 1 1 0 0 1 1 0 0 0 1 0
 1 0 1 0 1 0 0 1 0 1 0 0 0 0 1 1 1 0 1 1 1 1
 1 0 0 1 0 0 0 1 0 1 1 0 0 1 1 1 0 0 0 0 1 0
 1 0 0 1 1 0 1 1 0 0 1 1 0 0 0 1 1 1 1 1 1 1
 1 0 1 0 0 0 0 0 0 0 1 1 0 0 1 0 0 1 0 0 1 0
 1 0 1 0 0 0 1 1 0 1 1 0 1 0 0 0 0 0 0 0 1 0
 0 0 1 0 1 0 0 0 0 1 0 0 1 0 1 0 1 0 1 1 1 1
 0 0 1 0 0 0 0 0 0 0 0 0 0 0 0 1 0 0 0 0 1 0
 1 0 0 1 0 1 0 0 0 0 1 1 0 1 0 0 0 0 0 0 1 1
 1 0 0 0 1 0 1 0 0 0 1 0 1 1 0 0 1 0 1 1 1 1
 1 0 0 0 1 0 1 0 0 0 0 0 1 1 0 1 0 0 0 0 1 1
 0 0 1 0 1 0 0 1 0 1 1 0 0 1 0 0 0 0 0 0 1 1
 0 1 1 1 1 0 0 0 0 0 0 1 1 1 0 1 0 1 1 1 1 1
 0 0 1 0 1 1 0 1 0 1 0 0 1 1 0 1 0 1 1 0 1 0
 0 0 1 0 0 0 0 0 0 1 1 0 1 1 0 1 1 0 1 1 1 1
 1 0 1 0 0 0 0 1 0 0 1 1 0 0 0 0 1 1 0 1 1 0
 1 0 1 1 1 1 0 1 0 1 0 0 0 0 0 0 0 0 0 0 1 1
 0 0 1 1 0 0 0 0 0 1 0 1 0 1 0 0 1 0 1 1 1 1
 1 1 1 0 0 1 0 0 0 0 0 0 0 0 0 1 0 0 0 1 1 1
 0 0 1 1 0 0 0 0 0 0 1 0 1 0 0 0 1 0 0 0 1 1
 1 0 1 0 0 0 0 0 0 0 1 1 1 0 0 0 1 0 1 1 1 0
 0 0 1 0 1 0 0 0 0 0 0 0 1 1 0 0 1 1 0 0 1 0
 0 1 1 1 1 0 0 1 0 0 0 0 0 0 0 0 0 1 1 1 0 1
 1 1 1 0 0 1 0 0 0 0 0 0 0 0 1 0 0 0 0 1 1 1
 0 0 1 0 1 1 0 1 0 1 0 0 1 1 1 0 0 0 1 0 1 0
 0 0 1 0 1 1 0 1 0 0 1 1 0 0 0 0 1 0 0 0 1 1
 1 0 0 0 1 0 0 1 0 1 1 1 0 1 0 0 0 0 1 1 1 1
 1 0 0 1 1 1 0 0 0 0 1 0 0 1 0 0 1 0 0 0 1 1
 0 0 0 0 1 0 1 0 0 0 1 1 1 1 0 1 1 0 1 1 1 1
 1 0 1 0 1 0 1 1 0 0 1 0 1 0 1 0 0 1 0 0 1 1
 1 0 0 1 1 0 0 1 0 1 0 0 0 1 0 0 0 0 1 1 1 1
 1 0 1 1 1 1 0 1 0 0 0 0 0 0 0 0 0 1 1 1 0 1
 0 0 0 0 1 0 0 0 0 0 0 1 0 1 0 1 0 0 0 0 1 0
 0 0 1 0 1 0 1 0 0 0 0 1 0 1 0 1 1 1 1 1 1 1
 0 0 0 1 1 0 1 1 0 1 1 1 1 1 0 0 1 1 1 1 1 1
 1 0 0 1 1 0 0 1 0 1 0 0 0 0 0 1 0 0 1 1 1 1
 1 0 0 0 1 0 0 1 0 0 1 1 1 1 0 1 0 0 0 0 1 1
 0 0 1 1 1 0 0 1 0 0 1 1 0 0 1 0 1 1 1 0 1 0
 0 0 0 1 0 0 0 1 0 0 1 1 1 0 1 0 0 1 1 1 1 1
 1 0 0 1 0 1 1 0 1 0 0 1 0 0 0 0 0 1 0 0 1 0
 1 0 1 1 1 1 0 1 0 1 1 0 1 0 1 1 1 1 1 1 1 0
 1 0 0 1 0 1 0 0 0 0 0 0 1 0 1 1 1 0 1 1 1 1
 1 0 1 1 1 1 0 0 0 1 0 0 0 0 0 0 0 1 0 0 1 1
 1 0 1 0 0 0 0 0 0 1 0 0 1 0 0 0 1 0 0 0 1 1
 0 0 1 0 1 0 0 1 0 0 1 0 1 0 1 1 0 1 1 1 1 1
 1 0 0 0 0 0 0 1 0 0 1 0 0 1 1 1 0 0 1 1 1 1
 1 0 0 1 0 0 0 0 0 0 0 0 0 1 1 1 1 0 1 1 1 0
 1 1 1 0 1 0 0 0 0 0 1 1 1 0 0 0 0 1 0 0 1 0
 1 0 1 1 1 1 0 1 0 1 1 0 0 0 0 1 0 1 0 1 1 0
 0 0 1 0 1 0 1 1 0 1 1 0 1 1 1 0 0 0 0 0 1 1
 1 0 0 0 0 0 0 1 0 1 0 0 1 0 0 1 1 1 1 0 1 0
 1 0 0 0 1 0 1 1 0 1 1 1 1 0 1 1 1 1 0 0 1 0
 0 0 1 1 1 0 0 1 0 1 1 1 1 0 0 0 0 1 1 1 1 0
 0 0 1 0 0 0 1 1 0 1 0 0 0 1 1 1 1 1 0 0 1 1
 1 0 0 1 0 0 1 1 0 1 1 1 1 0 0 0 0 1 1 1 1 0
 1 0 1 0 1 0 0 1 0 0 1 0 0 0 1 0 1 0 0 0 1 1
 1 0 0 0 1 0 0 1 0 0 0 0 1 0 0 0 1 0 1 1 1 1
 1 1 1 0 1 0 0 1 0 1 0 0 0 1 1 1 0 1 1 1 1 1
 1 0 0 1 0 0 1 0 0 0 0 1 1 0 1 1 1 1 0 0 1 1
 1 0 1 0 0 0 1 1 0 1 1 1 0 0 0 1 1 0 0 0 1 0
 1 0 1 1 1 0 1 1 0 1 1 0 0 0 1 0 0 1 0 0 1 1
 0 0 1 0 1 0 0 1 0 0 0 1 0 0 1 0 0 1 1 0 1 1
 0 0 0 0 0 1 0 1 0 0 0 0 0 0 0 0 0 1 1 1 0 1
 1 0 1 1 1 0 0 1 0 0 0 1 1 1 0 1 1 1 0 0 1 0
 0 0 0 0 1 0 0 1 0 1 1 0 0 0 1 0 1 0 1 1 1 1
 0 0 0 1 1 0 0 1 0 0 1 1 0 0 1 0 1 1 1 1 1 1
 0 0 0 0 1 0 1 1 0 1 0 1 0 1 0 1 1 1 0 0 1 0
 0 0 1 0 0 0 1 1 0 1 1 1 0 0 1 1 1 0 1 1 1 0
 0 0 0 0 1 0 0 1 0 0 1 1 0 0 1 0 0 0 0 0 1 0
 1 0 0 1 0 0 0 0 0 0 0 1 0 0 0 0 1 0 1 1 1 0
 0 0 0 0 0 1 0 1 0 1 0 0 0 0 0 0 0 1 0 0 1 1
 1 0 1 0 1 0 0 1 0 0 0 1 0 1 0 1 1 0 1 1 1 1
 0 0 1 0 1 0 0 1 0 0 0 1 1 0 0 1 1 1 1 1 1 1
 1 0 1 1 1 0 0 1 0 0 0 0 0 0 1 0 1 1 1 1 1 0
 0 0 1 0 0 0 1 1 0 1 0 0 1 0 0 1 1 1 1 1 1 1
 1 0 1 1 1 0 0 1 0 1 1 0 0 1 0 0 0 0 0 0 1 1
 1 0 0 0 0 0 0 1 0 1 0 0 0 0 1 0 1 0 0 0 1 1
 0 0 1 1 1 0 0 1 0 1 0 0 0 0 0 0 0 1 0 1 1 0
 0 0 1 0 1 0 0 1 0 0 1 0 0 1 0 0 1 0 0 0 1 1
 1 0 1 0 1 0 0 1 0 1 0 1 1 1 1 0 1 1 1 1 1 1
 1 0 1 1 1 0 0 1 0 0 0 1 0 1 1 1 0 1 1 1 1 1
 0 0 0 0 1 0 0 1 0 1 1 1 1 1 0 0 0 1 0 0 1 1
 0 0 0 1 0 0 1 1 0 1 1 0 0 1 0 0 0 1 0 0 1 1
 1 0 1 0 0 0 0 1 0 1 1 1 0 1 0 1 1 1 1 1 1 1
 0 0 0 0 1 0 1 1 0 1 0 1 0 0 1 1 0 1 1 1 1 0
 1 0 0 0 1 0 1 1 0 0 1 0 1 1 0 0 0 1 0 0 1 1
 1 0 0 0 1 0 0 1 0 0 1 0 1 1 0 1 0 1 1 1 1 1
 0 1 0 1 1 0 1 1 0 0 0 0 0 1 0 0 0 1 0 1 1 1
 1 0 1 0 1 1 1 1 0 0 1 1 0 1 1 0 1 1 0 1 1 0
 0 0 0 0 0 0 0 0 0 0 0 0 0 0 0 0 1 0 0 0 1 0
 0 0 1 0 0 0 0 0 0 0 0 0 0 0 0 0 1 0 0 0 1 0
 0 0 1 1 1 0 1 1 0 0 1 0 0 0 0 0 1 1 1 1 1 1
 1 0 1 0 0 1 1 1 0 0 1 1 0 1 1 1 0 1 0 0 1 1
 1 0 1 1 1 1 0 0 0 1 1 0 0 1 1 0 1 0 0 0 1 0
 1 0 0 1 0 0 1 1 0 0 0 1 1 1 1 1 0 1 0 0 1 1
 0 0 1 1 0 0 0 0 1 1 1 0 0 0 0 0 0 1 1 1 1 0
 1 0 0 0 1 0 0 1 0 1 0 0 1 0 0 1 1 1 1 1 1 1
 1 0 1 1 0 1 0 1 0 0 1 0 1 0 1 1 0 1 1 1 1 1
