123
  144
  298
  584
  603
  606
  615
  617
  618
  631
  632
  633
  634
  635
  636
  637
  639
  652
  653
  654
  657
  666
  675
  677
  680
  689
  692
  694
  698
  705
  712
  719
  726
  733
  740
  742
  746
  753
  760
  767
  774
  781
  788
  795
  802
  809
  816
  820
  827
  834
  841
  848
  852
  859
  874
  881
  885
  900
  915
  930
  945
  960
  975
  990
 1005
 1020
 1035
 1050
 1065
 1080
 1095
 1110
 1125
 1140
 1155
 1157
 1158
 1165
 1168
 1176
 1180
 1182
 1184
 1186
 1188
 1190
 1192
 1194
 1196
 1198
 1213
 1216
 1218
 1219
 1220
 1221
 1222
 1229
 1244
 1246
 1248
 1250
 1252
 1254
 1256
 1258
 1260
 1262
 1277
 1282
 1284
 1287
 1316
 1318
 1321
 1334
 1344
 1368
 1373
 1388
 1393
 1395
 1397
 1399


 0 1 0 0 0 0 1 1 0 0 1 0 0 1 1 0 0 0 0 0 1 0 0 0 1 0 0 1 0 0 0 0 0 0 0 1 0 0 0 0 0 0 0 0 0 0 1 0 0 0 0 1 0 1 0 1 1 0 1 1 0 0 0 1 0 0 1 0 1 0 0 1 0 0 0 0 1 0 0 0 1 0 0 0 1 0 0 0 0 1 0 1 0 1 0 1 0 0 1 0 0 1 0 1 1 0 1 1 0 0 1 0 0 0 0 0 1 0 0 0 0 0 1
 1 0 0 0 0 0 0 1 0 0 1 0 1 1 1 1 1 0 1 0 1 0 0 0 1 0 1 1 1 0 0 0 0 0 1 1 1 0 0 1 1 1 0 1 0 0 0 0 1 0 0 0 0 1 0 0 1 1 1 0 0 0 1 1 1 1 1 0 0 0 1 1 1 1 0 0 1 1 1 1 1 0 0 1 0 0 0 1 0 1 0 1 1 0 1 1 0 1 1 1 1 0 1 0 1 1 0 1 1 1 0 1 1 1 1 1 0 1 1 0 0 0 0
 0 1 0 0 0 0 1 1 0 0 0 0 1 1 1 1 0 1 0 0 1 0 0 0 1 0 0 0 0 0 0 0 0 0 0 1 0 1 1 0 0 0 0 0 0 0 1 0 1 1 0 0 0 0 0 0 0 1 1 1 1 1 1 1 1 1 1 0 0 1 1 1 0 1 0 0 1 0 0 1 1 0 0 1 0 0 0 0 1 1 1 1 0 1 1 1 0 0 1 0 0 0 0 0 0 0 0 0 0 0 0 1 0 1 1 1 0 1 1 0 0 0 0
 1 0 0 0 0 0 0 1 0 0 1 0 1 1 1 1 0 0 0 0 1 0 0 0 1 0 0 1 1 0 0 0 0 0 0 1 0 0 0 0 1 0 0 0 0 0 1 0 0 0 0 0 0 0 0 0 0 0 0 0 0 0 0 0 0 0 0 1 1 1 1 0 1 0 0 0 0 0 1 0 1 1 1 1 1 1 1 1 1 1 1 1 1 1 1 0 0 1 1 1 1 1 1 1 1 1 1 1 1 1 0 0 1 0 0 0 1 0 0 0 0 1 0
 1 1 0 0 0 0 1 0 0 1 0 0 1 0 0 1 0 1 0 0 1 0 1 0 1 0 0 1 1 0 0 0 0 0 1 1 0 0 0 0 1 0 0 0 0 0 1 0 0 0 0 0 1 0 0 0 0 0 0 0 0 0 0 0 0 0 0 0 1 1 0 1 0 1 0 1 0 0 0 1 1 1 1 1 1 1 1 1 1 1 0 1 0 1 0 1 0 1 1 1 1 1 1 1 1 1 1 1 0 0 0 0 1 0 0 0 1 0 0 0 0 1 1
 0 0 0 0 0 0 0 0 0 0 0 0 0 0 0 0 0 0 0 0 1 0 0 0 1 0 0 1 0 0 0 0 0 0 1 1 0 0 0 0 0 0 0 0 0 0 1 0 0 0 0 1 0 0 0 1 0 0 0 0 0 0 0 0 0 1 0 0 0 0 0 0 0 1 1 0 1 1 0 1 1 1 1 1 1 1 1 1 1 1 1 1 0 1 1 1 0 0 1 1 1 1 1 1 1 1 1 1 1 1 1 0 0 0 0 0 0 0 0 1 1 1 0
 0 0 0 0 0 0 1 0 0 1 0 0 0 0 0 0 0 0 1 0 0 0 0 0 0 0 0 1 0 0 0 0 0 1 1 0 1 0 1 1 0 0 1 0 0 1 1 1 1 0 1 1 0 1 0 1 0 0 1 0 0 1 1 0 1 0 0 0 1 0 1 0 1 0 1 0 0 0 1 1 0 0 1 1 0 1 0 1 0 0 1 1 1 0 1 1 0 1 0 0 1 1 1 1 0 0 1 0 0 0 1 0 0 1 0 0 1 0 0 1 0 1 1
 0 0 0 0 0 1 1 0 0 0 0 0 0 0 0 0 0 0 0 0 0 1 0 0 0 0 0 1 0 0 1 0 0 0 0 1 0 0 0 1 0 1 1 0 0 1 1 0 1 1 1 1 0 1 0 1 0 0 1 0 1 1 1 0 1 1 0 0 1 1 1 1 1 0 0 0 1 0 1 1 1 0 1 1 0 0 0 0 0 1 1 0 1 0 1 1 0 0 1 1 0 0 0 0 0 0 1 0 0 0 1 0 0 1 0 0 1 0 0 1 1 1 1
 1 0 0 0 0 1 1 1 0 0 1 0 0 1 1 0 0 0 1 0 0 1 0 0 0 0 1 1 1 0 0 0 0 0 0 1 0 0 0 0 0 0 0 0 0 0 1 0 0 0 0 1 0 1 0 1 1 1 0 0 0 1 1 0 0 0 0 0 0 1 1 0 0 0 0 0 1 0 0 0 0 0 0 0 0 1 0 0 0 1 1 1 1 0 1 0 0 1 0 0 1 1 1 0 0 1 1 1 0 0 1 1 1 0 1 1 1 1 1 1 0 0 0
 1 0 0 0 0 1 1 0 0 0 0 1 1 0 0 1 0 1 0 0 0 1 0 0 0 0 0 1 1 0 0 0 0 0 1 1 0 0 0 0 1 0 0 0 0 0 1 0 0 0 0 1 1 1 1 1 1 0 1 1 0 1 0 0 0 1 1 0 0 1 0 0 1 0 1 1 1 0 1 1 0 1 0 0 1 0 1 1 1 0 1 0 0 0 0 0 0 0 1 0 1 1 1 1 1 0 1 1 0 0 0 0 1 0 0 0 1 0 0 1 0 1 0
 0 0 0 0 0 0 1 0 0 0 1 0 0 0 0 0 0 0 0 0 0 0 0 0 0 0 1 1 0 1 1 0 1 1 1 0 0 1 0 1 0 1 1 0 1 1 0 0 1 0 1 1 0 1 0 1 1 1 1 1 1 0 1 1 0 0 1 1 1 0 1 1 0 0 1 0 1 1 0 1 1 0 0 1 0 0 0 1 0 0 1 0 1 1 0 0 0 1 1 0 1 0 0 1 1 1 0 1 0 0 1 1 0 1 1 1 0 1 1 1 1 0 1
 0 1 0 0 0 0 1 0 0 1 0 1 0 0 0 0 0 1 0 0 1 0 1 0 1 0 0 1 0 0 0 0 0 0 1 1 0 0 0 0 0 0 0 0 0 0 0 0 0 0 0 1 0 0 0 1 1 0 1 1 1 1 0 0 0 1 0 0 0 0 0 0 0 1 1 0 1 1 0 1 1 1 1 1 1 1 1 1 1 1 0 1 0 0 0 0 0 0 1 1 1 1 1 1 1 1 1 1 0 0 1 0 0 1 0 0 0 0 0 1 1 1 1
 1 1 0 0 0 0 0 1 0 0 0 1 0 1 1 0 0 0 0 0 1 0 1 0 1 0 0 0 0 0 1 1 1 0 0 0 0 0 1 0 0 1 0 0 1 1 1 1 0 0 0 1 1 0 1 1 0 0 0 1 1 0 0 0 0 1 0 1 1 0 0 0 0 1 0 0 0 1 0 1 0 0 0 1 1 0 1 1 1 0 1 0 1 0 0 1 0 0 1 1 1 0 0 1 1 1 1 1 1 1 1 0 1 1 0 0 0 0 0 1 1 1 1
 1 1 0 0 0 0 0 0 0 1 0 0 1 0 0 1 0 1 1 0 1 0 0 0 1 0 0 1 1 1 0 1 0 0 1 1 1 0 1 0 1 1 1 1 1 0 1 0 1 0 1 1 1 0 1 1 0 1 1 1 0 1 0 0 1 1 1 0 0 0 1 0 1 1 1 1 0 0 1 1 0 1 0 1 1 0 0 0 0 1 1 1 0 0 1 0 0 1 1 1 0 0 0 0 0 1 0 1 1 1 0 0 1 1 0 0 1 0 0 1 1 1 1
 1 1 0 0 0 0 0 1 0 0 0 0 0 1 1 0 0 0 0 0 1 0 0 0 1 0 1 1 1 1 1 0 0 0 1 0 1 1 0 1 1 1 1 0 0 0 0 1 1 0 1 1 1 0 1 1 1 0 1 1 0 1 0 1 1 1 1 0 1 0 0 1 1 0 1 1 1 0 1 1 0 0 1 1 0 1 1 1 0 1 1 0 1 1 0 0 0 0 0 1 0 0 0 1 1 0 0 0 1 1 1 1 1 1 1 1 0 1 1 1 0 0 0
 1 0 0 0 0 0 0 0 0 1 1 1 1 0 0 1 0 1 1 0 1 0 1 0 1 0 0 1 1 0 0 0 0 0 1 1 0 0 0 0 1 0 0 0 0 0 1 0 0 0 0 1 1 0 1 1 1 1 1 0 1 1 1 0 1 1 0 0 0 0 0 0 0 0 1 1 1 1 1 1 1 1 1 1 1 1 1 1 1 1 1 1 1 0 0 0 0 0 1 1 1 1 1 1 1 1 1 1 1 1 0 0 1 0 0 0 0 0 0 1 0 1 0
 1 1 0 0 0 0 1 1 0 0 0 0 0 1 1 0 0 0 0 0 1 0 0 0 1 0 0 1 1 1 0 1 1 0 1 0 1 0 1 0 1 0 0 0 1 1 0 1 0 1 1 1 1 0 1 1 0 0 0 1 1 0 0 0 1 1 0 1 1 0 0 0 1 1 1 1 1 0 1 1 1 1 1 1 1 0 1 1 0 0 1 0 1 1 0 1 0 0 0 1 0 0 1 0 1 0 1 0 0 0 1 0 1 1 0 0 0 0 0 0 0 0 0
 0 0 0 0 0 0 0 1 0 1 1 0 1 1 1 1 0 1 1 0 1 0 1 0 1 0 0 1 0 0 0 0 0 0 1 1 0 0 0 0 0 0 0 0 0 0 1 0 0 0 0 1 0 1 0 1 1 1 1 1 1 0 1 0 0 1 0 0 0 0 0 0 1 0 1 0 1 0 0 1 0 1 1 1 1 0 1 1 0 1 1 1 0 0 1 0 0 1 0 0 0 0 0 1 0 1 1 0 1 1 0 0 0 0 0 0 0 0 0 1 0 1 0
 1 1 0 0 0 1 1 0 0 0 0 0 1 0 0 1 0 1 0 0 1 1 0 0 1 0 0 1 1 0 0 0 0 0 1 1 0 0 0 0 1 0 0 0 0 0 1 0 0 0 0 1 1 0 1 1 0 0 0 0 0 0 0 0 0 1 1 1 0 0 0 1 1 1 1 0 1 0 0 1 1 1 1 1 1 1 1 1 1 1 1 0 0 1 0 1 0 1 1 1 1 1 1 1 1 1 1 1 0 0 0 1 1 0 1 1 1 1 1 1 1 1 1
 0 1 0 0 0 0 0 1 0 1 1 0 0 1 1 0 0 1 1 0 1 0 0 0 1 0 1 1 0 0 0 0 0 0 1 1 0 0 0 0 0 0 0 0 0 0 1 0 0 0 0 1 0 0 0 1 0 0 0 0 0 0 0 0 0 1 0 0 1 0 1 1 1 0 1 0 0 0 1 1 1 1 1 1 1 1 1 1 1 1 1 1 0 1 1 0 0 0 1 1 1 1 1 1 1 1 1 1 1 1 1 1 0 0 1 1 1 1 1 1 1 1 1
 0 0 0 0 0 1 0 1 0 1 0 1 1 1 1 1 1 1 0 0 1 1 1 0 1 0 0 1 0 0 0 0 0 0 1 1 0 0 0 0 0 0 0 0 0 0 1 0 0 0 0 1 0 0 0 1 1 1 0 1 1 0 1 0 1 0 0 0 0 0 0 0 0 1 1 0 1 0 0 1 1 1 1 1 1 1 1 1 1 1 1 1 1 0 0 1 0 0 1 1 1 1 1 1 1 1 1 1 1 1 0 1 0 0 1 1 1 1 1 1 0 1 0
 0 0 0 0 0 0 1 1 0 1 1 0 1 1 1 1 0 1 1 0 1 0 1 0 1 0 1 1 0 0 0 0 0 0 1 1 0 0 0 0 0 0 0 0 0 0 1 0 0 0 0 1 0 0 0 1 0 0 1 1 0 1 0 0 0 1 0 1 1 0 0 1 1 1 1 0 0 0 1 1 1 1 1 0 0 1 1 0 0 0 1 0 1 1 1 1 0 0 1 1 0 0 1 0 1 1 1 0 0 0 0 1 0 0 1 1 1 1 1 0 1 1 1
 0 0 0 0 0 1 1 0 0 1 0 0 1 0 0 1 0 1 1 0 1 1 1 0 1 0 0 1 0 1 1 1 0 1 1 0 1 1 0 1 0 1 1 1 0 1 0 1 1 0 1 1 0 1 0 1 1 1 1 0 1 1 1 1 0 1 0 1 1 1 1 0 1 1 1 0 1 0 0 1 0 0 0 1 0 0 0 0 1 0 1 1 1 1 1 0 0 1 0 0 1 0 0 0 0 1 0 0 0 0 0 1 0 1 1 1 0 1 1 0 1 0 1
 0 1 0 0 0 1 1 1 0 1 1 0 0 1 1 0 0 0 1 0 1 1 1 0 1 0 0 1 0 0 0 0 0 0 1 1 0 0 0 0 0 0 0 0 0 0 1 0 0 0 0 1 0 1 0 1 1 0 1 1 0 1 1 1 1 0 0 1 0 1 1 1 0 1 1 0 1 0 0 1 0 1 0 0 1 0 0 0 0 1 1 1 1 1 0 1 0 1 0 0 0 1 0 0 0 0 1 1 0 0 1 0 0 0 0 0 1 0 0 0 1 0 0
 1 0 0 0 0 1 0 0 0 1 1 0 1 0 0 1 0 0 1 0 1 1 1 0 1 0 0 1 1 1 1 1 1 0 1 1 1 1 1 0 1 0 1 1 0 1 1 0 0 0 1 1 1 0 1 1 1 0 1 1 1 1 0 1 1 0 1 1 1 1 0 1 1 0 1 0 1 0 0 1 0 1 0 0 0 0 1 0 0 1 1 1 1 0 1 1 0 1 1 0 1 0 0 1 0 1 1 1 1 1 0 1 1 1 1 1 1 1 1 0 0 0 1
 0 1 0 0 0 1 1 0 0 0 1 0 0 0 0 0 0 0 1 0 1 1 0 0 1 0 0 1 0 0 0 0 0 0 1 1 0 0 0 0 0 0 0 0 0 0 1 0 0 0 0 1 0 1 0 1 0 1 0 0 1 1 0 0 1 1 0 1 1 0 0 0 0 1 1 0 1 0 1 1 1 0 1 0 0 1 1 1 1 1 1 0 1 1 1 1 0 0 1 0 1 1 0 1 0 1 1 1 0 0 1 0 0 0 0 0 1 0 0 1 1 1 0
 1 0 0 0 0 1 0 0 0 0 1 0 0 0 0 0 0 0 1 0 1 1 0 0 1 0 0 1 1 0 0 0 0 0 1 1 0 0 0 0 1 0 0 0 0 0 1 0 0 0 0 1 1 0 1 1 0 0 0 0 0 0 1 1 1 0 1 1 1 0 0 0 0 1 1 0 1 1 1 1 0 1 0 0 0 1 1 1 1 0 1 1 1 0 1 0 0 1 0 1 0 0 1 1 0 1 1 0 1 1 1 0 1 0 0 0 0 0 0 1 0 0 0
 0 1 0 0 0 1 1 0 0 0 1 1 0 0 0 0 0 1 0 0 1 1 0 0 1 0 0 1 0 1 1 1 1 0 1 0 1 1 1 1 0 0 1 1 1 1 0 1 1 1 0 1 0 1 0 1 0 0 1 0 0 1 1 0 0 0 1 1 1 0 0 1 1 1 1 0 1 0 0 1 0 1 0 0 0 0 0 0 0 0 1 0 1 0 0 1 0 1 0 0 0 0 0 1 1 0 0 0 0 0 1 1 0 1 1 1 1 1 1 1 0 1 1
 0 0 0 0 0 0 0 1 0 0 1 0 0 1 1 0 0 0 0 0 1 0 0 0 1 0 0 1 0 0 0 0 0 0 1 1 0 0 0 0 0 0 0 0 0 0 1 0 0 0 0 1 0 0 0 1 0 0 0 1 1 0 0 1 0 0 0 1 1 0 0 1 0 0 1 0 1 0 1 1 0 1 0 0 0 0 0 0 0 1 1 1 1 0 1 0 0 0 1 1 0 0 0 0 0 0 0 1 1 1 1 0 0 0 0 0 0 0 0 1 1 1 1
 1 0 0 0 0 0 1 0 0 1 0 1 1 0 0 1 0 1 0 0 0 0 0 0 0 0 0 0 1 0 0 0 0 0 1 1 0 0 0 0 1 0 0 0 0 0 1 0 0 0 0 1 1 1 0 1 1 1 1 1 1 1 0 1 0 0 0 1 0 0 1 0 0 0 0 0 1 0 1 0 1 0 0 0 1 1 1 1 1 0 0 1 0 0 0 0 0 1 0 0 0 0 0 0 1 0 1 1 0 0 0 1 1 0 1 1 1 1 1 0 1 1 1
 0 0 0 0 0 0 1 1 0 0 0 0 0 1 1 0 0 0 0 0 0 0 0 0 0 0 0 0 0 0 0 0 0 0 1 1 0 0 0 0 0 0 0 0 0 0 1 0 0 0 0 0 0 1 0 0 0 1 1 1 0 0 0 0 0 1 0 1 0 0 0 0 0 1 0 0 0 0 1 1 1 1 1 1 1 1 1 1 1 1 0 1 1 1 0 0 0 0 1 1 1 1 1 1 1 1 1 1 0 0 1 0 0 0 0 0 0 0 0 1 1 1 1
 0 1 0 0 0 1 1 0 0 1 0 1 1 0 0 1 0 0 1 0 1 1 0 0 1 0 0 1 0 0 0 0 0 0 1 1 0 0 0 0 0 0 0 0 0 0 1 0 0 0 0 0 0 1 0 0 1 1 1 1 0 1 0 1 0 0 0 1 1 0 0 0 1 0 0 0 1 1 0 1 1 1 1 1 1 1 1 1 1 1 1 1 0 0 0 0 0 1 1 1 1 1 1 1 1 1 1 1 0 0 0 0 0 0 0 0 0 0 0 1 0 1 0
 0 1 0 0 0 0 0 0 0 0 0 0 0 0 0 0 0 1 0 0 1 0 1 0 1 0 0 1 0 0 0 0 1 0 1 1 0 1 0 0 0 1 0 1 1 1 1 1 1 0 1 0 0 0 0 0 0 1 0 1 1 1 1 0 1 1 0 0 0 0 0 0 0 0 0 0 1 0 1 0 1 1 1 1 1 1 1 1 1 1 0 1 0 1 0 1 0 0 1 1 1 1 1 1 1 1 1 1 1 1 1 0 0 1 0 0 1 0 0 0 0 0 0
 0 1 0 0 0 0 0 0 0 0 1 0 0 0 0 0 0 1 1 0 1 0 1 0 1 0 0 1 0 0 0 0 0 0 1 1 0 0 0 0 0 0 0 0 0 0 1 0 0 0 0 1 0 1 0 1 0 0 1 1 1 0 1 0 1 1 0 1 1 1 0 1 0 0 1 0 0 0 0 1 1 0 0 1 0 1 0 0 1 1 1 1 1 0 1 0 0 0 1 1 0 0 0 1 0 1 0 1 1 1 1 0 0 0 0 0 0 0 0 1 1 0 1
 1 0 0 0 0 0 0 0 0 1 0 1 0 0 0 0 0 1 0 0 1 0 1 0 1 0 0 1 1 0 0 0 0 0 1 1 0 0 0 0 1 0 0 0 0 0 1 0 0 0 0 1 1 1 1 1 0 1 1 1 0 1 1 0 0 0 0 0 1 1 1 0 1 0 1 0 1 1 0 1 1 1 1 0 0 1 1 1 1 0 0 0 0 0 0 1 0 0 0 0 1 1 1 0 0 1 1 0 1 1 1 0 1 0 0 0 0 0 0 1 1 1 1
 0 0 0 0 0 0 1 1 0 1 1 0 0 1 1 0 0 0 0 0 1 0 1 0 1 0 1 1 0 1 1 1 0 1 1 1 0 0 0 0 0 0 1 1 0 0 1 0 1 0 0 1 0 1 0 1 0 0 0 0 0 0 0 0 0 1 1 1 0 1 0 1 0 0 1 0 0 0 0 1 1 1 1 1 1 1 1 1 1 1 1 0 1 0 1 0 0 0 1 1 1 1 1 1 1 1 1 1 0 0 1 1 0 1 1 1 0 1 1 1 0 0 0
 0 0 0 0 0 0 1 0 0 1 0 1 1 0 0 1 0 1 1 0 1 0 1 0 1 0 0 1 0 0 0 0 0 0 1 1 0 0 0 0 0 0 0 0 0 0 1 0 0 0 0 1 0 0 0 1 0 0 1 1 1 1 1 0 0 0 0 0 0 0 0 0 0 0 1 0 1 0 0 1 1 1 1 1 1 1 1 1 1 1 1 0 0 0 0 0 1 0 1 1 1 1 1 1 1 1 1 1 0 0 0 1 0 0 1 1 1 1 1 0 0 0 0
 1 0 0 0 0 0 1 1 0 0 0 0 0 1 1 0 0 0 1 0 0 0 0 0 0 0 1 1 1 0 0 0 0 0 1 1 0 0 0 0 1 0 0 0 0 0 1 0 0 0 0 1 1 1 1 1 1 1 1 1 1 1 0 1 1 0 1 0 1 1 0 0 1 0 1 0 1 1 1 1 1 0 1 0 1 0 0 1 0 0 1 0 0 1 0 0 0 1 0 0 0 0 0 0 1 0 0 1 0 0 1 1 1 0 1 1 0 1 1 0 1 0 1
 0 0 0 0 0 0 1 0 0 1 1 1 1 0 0 1 0 1 1 0 0 0 0 0 0 0 0 1 0 1 0 1 1 1 1 0 0 1 1 0 0 1 0 1 1 1 0 0 1 1 0 1 0 1 0 1 0 1 1 1 0 0 0 1 0 1 1 1 0 1 0 1 1 1 1 0 0 0 0 1 1 0 0 0 1 1 1 0 1 0 1 1 1 0 0 0 0 0 1 0 0 0 1 0 1 0 0 0 0 0 0 1 0 1 1 1 1 1 1 1 1 1 0
 0 0 0 0 0 0 1 1 0 0 1 0 0 1 1 0 0 0 0 0 0 0 0 0 0 0 0 1 0 0 0 0 0 0 1 1 0 0 0 0 0 0 0 0 0 0 1 0 0 0 0 1 0 1 0 1 1 1 0 1 0 1 0 1 0 1 0 1 0 1 0 1 0 1 1 0 1 0 1 1 0 1 1 0 0 0 1 0 0 1 1 0 1 1 0 1 0 1 0 0 1 0 0 1 0 0 0 1 0 0 1 0 0 0 0 0 1 0 0 1 1 1 1
 1 0 0 0 0 1 1 0 0 1 1 0 1 0 0 1 0 1 1 0 0 1 0 0 0 0 0 1 1 0 1 0 0 0 1 1 0 1 0 0 1 0 1 0 0 1 0 1 0 0 1 1 1 1 1 1 1 1 0 0 1 0 1 0 0 1 1 0 1 0 0 1 0 0 1 0 1 0 0 1 0 0 0 1 0 1 1 0 1 1 1 1 1 0 1 0 0 1 0 0 1 1 0 1 0 1 1 0 0 0 0 0 1 1 0 0 1 0 0 1 1 1 1
 1 0 0 0 0 1 1 0 0 1 1 0 1 0 0 1 0 1 1 0 0 1 0 0 0 0 0 1 1 0 0 0 1 0 1 1 0 1 1 0 1 0 0 0 1 0 0 0 0 0 1 1 1 1 1 1 0 0 1 0 0 0 0 0 0 0 0 0 0 1 0 0 1 0 1 0 1 1 0 1 1 1 0 1 1 1 1 1 1 1 1 1 0 0 1 0 0 0 1 0 0 0 1 0 0 1 0 0 0 0 0 1 1 1 1 1 0 1 1 1 1 0 1
 0 1 0 0 0 1 1 1 0 1 0 0 0 1 1 0 0 0 0 0 0 1 0 0 0 0 0 1 0 0 1 1 1 0 1 1 0 0 1 0 0 0 0 1 0 0 1 0 1 0 0 1 0 1 0 1 1 1 1 0 1 0 0 1 1 0 1 1 0 0 1 1 0 1 1 0 1 0 1 1 1 0 0 0 1 1 0 0 1 0 1 1 1 1 0 1 0 0 1 1 0 0 0 1 1 0 1 1 0 0 1 0 0 1 0 0 1 0 0 0 1 0 0
 1 0 0 0 0 0 0 1 0 1 1 0 1 1 1 1 0 0 1 0 0 0 0 0 0 0 1 1 1 0 0 0 0 0 1 1 0 0 0 0 1 0 0 0 0 0 1 0 0 0 0 1 1 1 1 1 1 0 0 0 1 1 0 1 1 0 1 1 1 0 0 0 0 1 1 0 1 1 1 1 0 0 0 0 0 1 1 1 1 1 1 1 1 0 1 0 0 1 0 1 1 1 0 0 1 0 0 1 1 1 0 1 1 0 1 1 0 1 1 0 0 0 0
 1 1 0 0 0 0 1 1 0 0 0 0 1 1 1 1 0 0 1 0 1 0 0 0 1 0 0 1 1 1 0 0 0 1 1 1 0 1 0 1 1 1 0 0 0 1 1 0 1 0 1 1 1 1 1 1 0 0 1 0 1 0 1 1 1 1 0 0 0 1 1 0 1 0 1 1 0 0 0 1 0 0 0 0 0 1 0 0 1 1 1 1 0 1 0 1 0 0 1 0 1 1 1 0 0 1 0 1 0 0 0 1 1 1 1 1 1 1 1 0 1 0 1
 0 1 0 0 0 0 0 1 0 0 1 0 1 1 1 1 0 1 1 0 1 0 0 0 1 0 0 1 0 1 0 0 0 1 0 0 0 0 0 0 0 1 0 0 0 1 0 0 0 0 0 1 0 0 0 1 0 0 1 0 0 0 1 1 1 1 0 1 0 0 1 1 0 0 0 0 1 0 1 1 0 0 0 0 0 0 1 1 1 0 1 1 0 1 1 0 0 1 1 0 0 0 1 1 1 0 0 0 1 1 0 0 0 1 0 0 1 0 0 1 0 1 0
 1 0 0 0 0 0 0 1 0 0 1 0 1 1 1 1 0 1 0 0 1 0 1 0 1 0 0 1 0 1 0 1 0 1 0 0 0 1 1 1 1 1 0 1 0 1 0 0 1 1 1 1 1 1 0 1 0 0 0 1 0 0 1 0 0 0 0 1 0 1 1 1 1 1 0 0 1 0 1 1 1 1 0 1 1 1 0 1 1 0 1 1 0 1 0 1 0 0 1 0 1 0 1 0 0 0 0 0 1 1 0 1 1 1 1 1 1 1 1 0 0 0 0
 1 1 0 0 0 1 1 1 0 1 1 0 1 1 1 1 1 1 0 0 1 1 0 0 1 0 0 1 0 0 0 1 0 0 0 1 1 0 0 1 1 0 0 1 0 0 1 1 0 0 1 0 1 1 1 0 1 1 0 0 0 1 0 1 1 0 0 0 0 1 0 1 1 0 0 1 1 0 0 1 0 1 0 0 1 1 0 1 0 1 0 1 0 1 1 1 0 1 0 1 1 0 1 0 0 0 0 0 0 0 0 0 1 1 0 0 1 0 0 1 1 1 1
 1 0 0 0 0 0 0 0 0 1 0 0 1 0 0 1 0 1 0 0 1 0 1 0 1 0 0 1 1 0 0 0 0 0 1 1 0 0 0 0 1 0 0 0 0 0 1 0 0 0 0 1 1 0 1 1 1 0 1 1 0 1 0 1 0 0 0 1 1 1 1 1 0 1 1 1 0 0 0 1 0 1 1 1 1 0 0 1 1 1 1 1 0 1 1 1 0 0 0 1 0 0 1 0 1 0 1 1 1 1 0 0 1 0 0 0 0 0 0 0 1 0 1
 0 0 0 0 0 0 0 0 0 1 1 0 0 0 0 0 0 1 1 0 1 0 1 0 1 0 1 0 0 0 0 0 0 0 1 1 0 0 0 0 0 0 0 0 1 0 0 0 0 1 1 1 0 0 0 1 1 0 1 1 0 1 0 1 1 0 0 0 0 0 0 0 0 0 0 0 0 0 0 0 1 1 1 1 1 1 1 1 1 1 0 1 1 0 1 1 0 0 1 1 1 1 1 1 1 1 1 1 1 1 1 1 0 1 1 1 1 1 1 1 1 1 1
 0 0 0 0 0 0 1 1 0 1 1 0 0 1 1 0 0 1 1 0 1 0 1 0 1 0 1 1 0 1 0 0 1 0 1 1 1 1 0 0 0 1 0 0 1 0 1 1 1 0 0 1 0 0 0 1 0 0 1 1 0 0 0 0 1 0 1 0 1 1 1 0 0 1 1 0 0 1 0 1 0 1 0 1 1 0 1 1 0 0 1 1 1 0 1 0 0 1 1 0 1 1 0 0 0 0 1 0 0 0 1 1 0 1 1 1 0 1 1 0 1 1 1
 1 0 0 0 0 0 1 0 0 1 1 1 1 0 0 1 0 1 1 0 1 0 1 0 1 0 1 1 1 0 0 0 0 0 1 0 1 0 1 0 1 0 0 0 0 0 0 1 0 1 0 1 1 1 1 1 0 1 1 0 0 1 0 1 0 0 1 1 1 1 0 0 0 1 1 0 0 0 0 1 0 1 1 1 1 1 1 0 1 0 0 0 1 0 0 0 0 0 1 0 0 0 0 0 1 1 1 0 0 0 0 1 1 1 1 1 1 1 1 0 1 0 1
 1 1 0 0 0 0 1 1 0 1 1 0 0 1 1 0 0 0 1 0 1 0 1 0 1 0 0 1 0 1 0 0 0 1 0 0 1 1 0 1 0 1 0 0 0 1 0 1 1 0 1 0 0 0 0 0 0 0 1 0 1 1 1 1 0 0 1 0 1 1 1 1 0 0 0 1 1 1 1 0 0 0 1 1 1 0 0 1 0 0 1 0 1 1 0 0 0 0 0 0 1 0 1 1 1 1 0 0 0 0 1 0 1 1 0 0 0 0 0 0 1 1 1
 1 1 0 0 0 0 0 0 0 1 1 1 1 0 0 1 0 1 1 0 1 0 1 0 1 0 0 1 1 1 0 0 1 1 1 1 1 1 0 1 1 0 1 1 1 0 1 0 0 1 0 1 1 0 1 1 1 1 1 0 0 1 1 0 1 0 0 0 1 0 1 1 0 0 1 1 1 0 1 1 1 1 0 0 0 1 1 0 1 1 1 1 1 0 0 0 0 1 0 0 0 1 1 0 0 1 0 1 1 1 0 0 1 1 0 0 1 0 0 0 1 1 0
 1 0 0 0 0 0 0 0 0 0 1 0 0 0 0 0 0 0 1 0 1 0 1 0 1 0 0 1 1 1 0 1 1 1 1 0 1 0 0 1 1 0 0 0 0 0 0 0 0 0 0 1 1 0 1 1 0 0 1 1 1 1 0 0 0 1 0 1 0 1 1 1 0 1 1 1 0 0 0 1 1 1 1 1 1 1 1 1 1 1 0 1 0 1 0 1 0 1 1 1 1 1 1 1 1 1 1 1 1 1 1 1 1 1 1 1 0 1 1 1 0 1 1
 1 1 0 0 0 0 1 1 0 0 1 1 1 1 1 1 0 1 0 0 1 0 0 0 1 0 0 1 1 1 1 1 0 0 1 1 1 0 1 1 1 1 1 1 0 0 1 1 0 1 1 1 1 0 1 1 1 1 0 1 1 1 0 0 1 0 0 0 0 0 0 0 0 1 1 1 1 1 0 1 1 1 1 1 1 1 1 1 1 1 1 1 0 0 0 1 0 0 1 1 1 1 1 1 1 1 1 1 0 0 0 1 1 1 1 1 0 1 1 1 1 1 1
 0 1 0 0 0 0 0 1 0 0 1 0 1 1 1 1 0 0 1 0 1 0 0 0 1 0 0 1 0 1 0 0 1 0 1 0 0 1 1 1 0 1 1 0 0 0 0 1 1 1 1 1 0 1 0 1 0 0 0 1 0 1 0 0 0 0 1 1 0 1 0 1 1 1 1 0 1 1 0 1 0 1 1 0 0 0 0 1 1 1 0 1 1 1 1 0 0 1 1 1 1 0 1 0 1 1 1 0 1 1 0 1 0 1 1 1 0 1 1 1 0 1 0
 1 1 0 0 0 0 0 0 0 1 0 0 1 0 0 1 0 1 0 0 1 0 1 0 1 0 0 1 1 1 0 1 1 1 0 0 1 0 0 0 0 0 1 0 0 1 0 0 1 1 1 1 0 1 0 1 1 1 1 0 0 0 1 1 1 1 1 1 0 1 0 0 0 1 0 0 1 0 1 1 0 1 0 0 1 0 0 1 1 1 0 1 1 1 0 0 0 1 0 0 0 0 1 0 1 1 1 0 1 1 0 1 1 1 1 1 0 1 1 0 0 0 0
 1 1 0 0 0 1 0 1 0 0 1 0 0 1 1 0 0 0 0 0 1 1 0 0 1 0 0 0 1 0 0 0 0 0 0 1 0 0 0 0 0 0 0 0 0 0 1 0 0 0 0 0 0 1 0 0 0 0 1 0 1 1 0 0 1 0 0 1 1 1 1 1 0 1 0 1 0 0 1 1 1 1 1 1 0 0 1 1 1 0 1 1 0 1 0 1 0 1 1 1 0 1 0 0 1 1 0 1 1 1 1 0 1 0 0 0 0 0 0 0 0 0 0
 1 1 0 0 0 0 0 0 0 1 0 0 1 0 0 1 0 0 1 0 1 0 0 0 1 0 0 1 0 0 0 0 0 0 1 1 0 0 0 0 0 0 0 0 0 0 1 0 0 0 0 0 1 1 1 0 1 1 1 0 0 0 1 1 0 1 0 0 0 0 1 1 0 1 0 1 1 0 0 1 1 0 0 1 0 1 1 0 1 1 1 1 1 0 1 1 0 0 1 0 1 1 1 1 0 0 1 0 1 1 0 0 1 0 0 0 1 0 0 0 0 0 0
 0 0 0 0 0 0 0 1 0 0 0 0 0 1 1 0 0 1 0 0 1 0 1 0 1 0 1 1 0 1 0 1 1 1 1 1 1 1 0 1 0 1 0 1 0 1 1 1 1 1 1 0 0 0 0 0 0 1 1 1 1 0 1 0 1 1 0 0 1 0 1 0 1 1 0 0 1 0 0 1 1 1 1 0 0 1 1 1 1 1 1 1 1 1 1 1 0 0 1 0 0 0 0 1 0 1 0 0 1 1 1 1 0 1 1 1 1 1 1 0 1 0 1
 0 1 0 0 0 0 1 0 0 0 1 0 1 0 0 1 0 1 1 0 1 0 1 0 1 0 0 1 0 1 1 0 1 1 1 1 0 1 0 1 0 0 1 0 0 0 0 0 0 0 1 1 0 0 0 1 0 0 1 1 0 0 0 1 1 1 0 0 1 0 1 0 0 1 1 0 1 0 0 1 1 1 0 0 1 1 1 0 0 0 1 1 1 0 1 0 0 0 1 1 1 1 0 1 0 1 1 0 0 0 0 1 0 1 1 1 1 1 1 1 1 0 1
 1 0 0 0 0 0 0 1 0 1 0 0 0 1 1 0 0 1 0 0 1 0 0 0 1 0 0 1 1 0 0 0 0 0 1 1 0 0 0 0 1 0 0 0 0 0 1 0 0 0 0 1 1 0 1 1 0 0 0 1 1 0 1 0 0 0 1 0 0 1 0 1 0 0 1 0 1 0 0 1 1 1 1 0 0 1 0 1 1 0 1 0 1 1 0 1 0 1 0 0 0 0 1 0 0 1 1 1 1 1 1 0 1 0 0 0 1 0 0 1 1 0 0
 1 0 0 0 0 0 1 1 0 1 1 0 1 1 1 1 0 0 0 0 1 0 1 0 1 0 0 1 1 0 0 0 0 0 1 1 0 0 0 0 1 0 0 0 0 0 1 0 0 0 0 1 1 0 1 1 1 0 1 0 0 1 0 1 1 0 1 0 0 1 0 1 1 0 1 1 1 0 0 1 0 1 0 1 1 0 1 0 0 1 1 1 0 0 1 0 0 1 0 0 0 0 1 0 1 1 1 1 0 0 0 0 1 0 0 0 0 0 0 1 0 1 0
 0 0 0 0 0 0 1 1 0 1 0 0 1 1 1 1 0 0 1 0 0 0 0 0 0 0 0 0 0 0 0 0 0 0 1 1 0 0 0 0 0 0 0 0 0 0 1 0 0 0 0 1 0 0 0 1 0 0 0 1 0 1 1 1 0 0 0 1 0 1 1 1 0 0 0 0 1 0 0 0 1 1 1 0 1 0 0 0 1 1 0 0 1 1 0 1 0 0 0 1 0 1 1 1 1 1 0 1 0 0 0 1 0 0 1 1 1 1 1 1 0 1 0
 0 0 0 0 0 0 1 0 0 0 0 0 1 0 0 1 0 1 1 0 0 0 0 0 0 0 1 0 0 0 0 0 0 0 1 1 0 0 0 0 0 0 0 0 0 0 1 0 0 0 0 0 0 0 0 0 0 0 0 1 1 0 0 1 1 0 0 1 1 0 0 1 1 0 0 0 0 0 0 0 1 1 1 0 0 1 1 0 0 1 1 1 1 1 1 0 0 0 1 0 1 0 0 0 0 0 0 1 0 0 0 1 0 0 1 1 0 1 1 0 0 0 0
 0 0 0 0 0 0 1 0 0 0 1 0 0 0 0 0 0 1 1 0 0 0 0 0 0 0 0 0 0 0 0 0 0 0 1 1 0 0 0 0 0 0 0 0 0 0 1 0 0 0 0 0 0 1 0 0 1 1 1 0 1 0 1 1 1 0 1 1 1 1 1 0 1 0 0 0 1 0 1 1 0 0 0 0 0 0 0 1 0 1 1 1 0 1 0 1 0 1 1 1 1 0 0 0 1 1 0 1 0 0 1 0 0 0 0 0 1 0 0 1 0 0 1
 0 1 0 0 0 0 1 0 0 1 1 0 0 0 0 0 0 0 0 0 0 0 0 0 0 0 1 1 0 0 1 0 0 1 1 0 1 1 1 0 0 0 1 0 0 1 0 1 1 1 0 0 0 0 0 0 1 0 1 0 1 1 0 0 1 0 1 0 0 0 0 1 0 1 0 0 0 0 1 1 0 1 0 1 1 1 1 0 1 0 0 1 1 0 1 1 0 1 0 1 1 1 0 0 1 0 0 1 0 0 1 1 0 1 1 1 1 1 1 0 1 1 1
 0 0 0 0 0 1 0 1 0 1 1 0 0 1 1 0 0 0 0 0 1 1 1 0 1 0 0 1 0 0 0 0 0 0 1 1 0 0 0 0 0 0 0 0 0 0 1 0 0 0 0 1 0 1 0 1 1 0 0 0 1 1 0 1 0 1 0 0 1 0 0 0 0 0 1 0 0 1 0 1 0 1 1 1 1 1 1 1 1 1 1 1 1 0 1 1 0 1 0 0 1 1 0 1 1 1 1 1 1 1 1 0 0 0 0 0 0 0 0 1 1 1 1
 1 1 0 0 0 1 1 1 0 0 0 0 1 1 1 1 0 0 1 0 0 1 0 0 0 0 0 1 1 0 0 1 1 1 1 0 1 1 0 0 1 0 0 1 1 1 0 1 1 0 0 1 1 0 1 1 1 0 0 0 1 1 1 1 0 1 0 0 1 1 1 1 0 1 1 0 0 0 1 1 0 1 0 0 0 0 0 0 1 1 1 0 0 0 1 0 0 1 0 0 1 0 1 0 1 1 1 0 0 0 0 1 1 1 1 1 0 1 1 1 1 0 0
 0 0 0 0 0 1 0 1 0 0 0 0 1 1 1 1 0 0 1 0 0 1 0 0 0 0 0 1 0 0 0 0 0 0 1 1 0 0 0 0 0 0 0 0 0 0 1 0 0 0 0 1 0 0 0 1 1 0 0 0 1 1 1 1 1 0 1 1 1 1 1 0 1 1 1 0 1 0 0 1 1 0 0 1 1 0 1 1 1 1 1 0 1 1 0 0 0 1 0 1 1 1 0 0 0 0 0 1 1 1 0 0 0 0 0 0 0 0 0 0 0 0 1
 0 0 0 0 0 1 0 1 0 0 0 0 1 1 1 1 0 0 0 0 1 1 1 0 1 0 1 1 0 1 1 0 0 0 1 1 1 0 1 1 0 0 0 0 0 0 0 0 0 0 0 1 0 0 0 1 1 1 1 0 1 0 1 1 1 0 0 0 0 0 0 0 0 0 1 0 1 0 1 1 1 1 1 1 1 1 1 1 1 1 1 1 0 1 1 1 0 0 1 1 1 1 1 1 1 1 1 1 1 1 0 1 0 1 1 1 1 1 1 1 1 1 1
 1 0 0 0 0 1 1 1 0 0 0 0 1 1 1 1 0 1 0 0 0 1 0 0 0 0 0 0 0 0 0 0 0 0 1 1 0 0 0 0 0 0 0 0 0 0 1 0 0 0 0 0 1 0 0 0 1 0 1 1 1 1 0 1 0 0 1 1 1 1 0 1 0 0 0 0 1 0 0 1 0 0 0 0 0 1 0 0 0 1 0 1 1 1 1 1 0 1 0 1 0 0 0 0 1 0 1 1 0 0 0 1 1 0 1 1 1 1 1 1 0 1 0
 0 1 0 0 0 1 1 0 0 1 0 0 1 0 0 1 0 1 0 0 0 1 0 0 0 0 0 1 0 1 1 1 1 1 1 0 1 0 0 0 0 1 0 1 1 0 1 1 0 0 0 1 0 0 0 1 1 1 1 1 1 1 0 0 0 1 1 0 0 0 0 0 1 1 1 0 1 1 0 1 0 0 0 0 0 0 1 1 1 0 0 1 0 1 1 1 0 1 0 1 0 1 1 0 1 0 1 0 0 0 0 0 0 1 0 0 0 0 0 0 0 0 0
 0 0 0 1 0 1 0 1 0 1 1 0 0 1 1 0 0 1 1 0 1 1 1 0 1 0 1 1 0 0 0 0 0 0 1 1 0 0 0 0 0 0 0 0 0 0 1 0 0 0 0 1 0 0 0 1 0 1 0 1 1 0 0 1 1 1 0 0 0 0 0 0 0 0 1 0 0 1 1 1 1 1 1 1 1 1 1 1 1 1 1 1 0 1 1 1 0 0 1 1 1 1 1 1 1 1 1 1 1 1 1 1 0 1 1 1 0 1 1 0 0 0 1
 1 0 0 0 0 1 1 0 0 1 0 0 1 0 0 1 0 0 1 0 1 1 1 0 1 0 1 1 1 1 1 1 0 0 1 0 1 0 0 0 1 1 1 1 0 0 0 1 0 0 0 1 1 0 1 1 1 1 0 1 0 0 1 0 1 0 0 1 1 1 0 0 0 1 1 0 1 0 0 1 0 1 1 0 0 0 1 1 1 0 1 1 0 0 1 1 0 1 0 0 1 0 1 1 0 1 0 1 0 0 0 1 1 1 1 1 1 1 1 0 1 0 1
 1 1 0 0 0 1 1 0 0 1 1 0 0 0 0 0 0 1 1 0 1 1 1 0 1 0 1 1 1 0 0 1 0 0 1 0 0 1 0 0 1 0 0 1 0 0 0 0 1 0 0 1 1 0 1 1 1 0 1 0 0 1 1 1 1 0 1 0 0 0 0 0 1 1 1 1 1 0 0 1 1 1 1 0 1 1 1 1 0 0 1 0 1 1 1 1 0 0 1 1 0 1 1 1 1 1 0 0 0 0 1 1 1 1 1 1 1 1 1 1 1 1 0
 1 0 0 0 0 1 0 1 0 0 1 0 0 1 1 0 0 0 1 0 0 1 0 0 0 0 0 1 1 0 1 0 0 1 1 0 0 0 0 0 1 0 1 0 0 1 0 0 0 0 0 1 1 1 1 1 0 1 0 0 0 0 0 0 0 0 1 1 1 0 1 1 0 1 1 1 0 0 1 1 1 0 1 1 0 1 1 1 1 0 0 1 1 0 1 0 0 1 1 0 1 1 1 1 1 1 1 1 1 1 1 0 1 1 0 0 1 0 0 0 1 0 1
 1 0 0 0 0 0 1 0 0 1 1 1 1 0 0 1 0 1 1 0 0 0 0 0 0 0 1 0 1 0 0 0 0 0 0 1 0 0 0 0 1 0 0 0 0 0 1 0 0 0 0 0 1 1 0 0 1 1 0 0 1 1 1 1 0 1 1 0 1 0 1 1 0 0 0 1 0 1 1 1 0 0 0 0 1 1 0 0 1 0 0 0 1 0 0 1 0 0 1 0 0 1 0 1 0 0 1 1 0 0 0 1 1 0 1 1 0 1 1 1 0 0 0
 1 1 0 0 0 0 1 1 0 0 1 0 0 1 1 0 0 1 0 0 1 0 1 0 1 0 0 1 0 1 1 1 1 0 1 0 0 0 1 1 1 1 1 1 1 0 0 0 0 1 1 0 1 0 1 0 0 1 0 1 1 1 0 0 0 1 1 0 1 0 1 0 1 1 0 1 1 0 1 1 1 1 0 0 0 0 0 0 1 1 0 1 0 1 1 0 0 0 1 0 1 0 0 0 1 1 1 0 0 0 1 0 1 1 0 0 0 0 0 1 0 1 0
 0 0 0 0 0 1 0 0 0 1 1 1 1 0 0 1 0 0 1 0 1 1 1 0 1 0 0 1 0 0 0 0 0 0 0 1 0 0 0 0 0 0 0 0 0 0 1 0 0 0 0 0 0 0 0 0 1 0 0 0 1 0 1 1 1 1 1 0 0 0 1 1 0 1 0 0 1 0 0 0 0 1 1 1 0 1 0 0 0 0 0 1 0 0 0 0 0 1 0 1 0 1 1 1 0 0 1 0 1 1 0 0 0 0 0 0 0 0 0 0 0 0 0
 0 0 0 0 0 1 0 1 0 0 1 0 0 1 1 0 0 1 1 0 0 1 0 0 0 0 0 1 0 1 0 0 1 0 1 1 0 0 0 1 0 1 0 0 1 0 1 0 0 0 1 1 0 1 0 1 0 0 0 1 0 1 1 1 0 0 1 1 0 0 0 0 1 1 1 0 0 0 0 1 1 0 0 0 1 1 1 1 0 0 1 1 0 0 1 0 0 0 1 1 0 1 1 0 0 1 1 1 1 1 1 1 0 1 1 1 0 1 1 0 1 0 1
 1 1 0 0 0 1 0 1 0 1 1 0 1 1 1 1 0 1 0 0 1 1 1 0 1 0 0 1 1 0 0 1 0 1 1 1 0 0 1 1 1 1 0 0 0 0 0 1 1 1 1 1 1 0 1 1 1 1 1 1 1 1 0 0 1 0 0 0 0 1 1 1 1 1 1 0 0 0 0 1 1 1 1 1 1 0 0 1 1 0 0 1 0 1 1 0 0 1 0 1 1 1 1 0 0 0 0 0 1 1 0 0 1 1 0 0 0 0 0 0 0 0 1
 0 0 0 0 0 0 0 0 0 1 1 0 1 0 0 1 0 0 1 0 1 0 1 0 1 0 0 0 0 0 0 0 0 0 0 1 0 0 0 0 0 0 0 0 0 0 1 0 0 0 0 1 0 1 0 1 0 1 0 0 1 0 1 1 1 0 1 1 1 0 0 1 1 1 0 0 1 0 1 1 1 0 1 1 1 1 0 0 1 1 0 1 1 1 0 0 0 0 1 0 1 1 0 1 0 0 0 1 1 1 0 1 0 0 1 1 0 1 1 1 0 1 0
 1 1 0 0 0 0 1 0 0 1 0 0 0 0 0 0 0 1 1 0 1 0 1 0 1 0 0 1 0 0 0 0 0 0 1 1 0 0 0 0 0 0 0 0 0 0 1 0 0 0 0 0 0 1 1 0 0 0 1 1 0 1 1 0 1 1 1 0 0 0 1 1 0 0 0 0 1 0 1 1 1 1 0 0 1 0 0 1 0 0 1 1 0 1 0 1 0 1 0 0 1 0 0 1 0 0 1 0 0 0 1 0 1 0 0 0 0 0 0 0 0 0 0
 0 1 0 0 0 0 0 1 1 1 1 0 1 1 1 1 0 0 1 0 1 0 0 0 1 0 0 1 0 0 0 0 0 0 1 1 0 0 0 0 0 0 0 0 0 0 1 0 0 0 0 1 0 0 0 1 0 0 0 0 0 0 0 0 0 1 0 0 0 0 0 0 0 1 1 0 0 0 0 1 1 1 1 1 1 1 1 1 1 1 1 0 0 0 1 1 0 0 1 1 1 1 1 1 1 1 1 1 1 1 0 1 0 0 1 1 0 1 1 1 0 1 0
 0 0 0 0 0 0 0 0 0 0 1 0 0 0 0 0 0 1 1 0 1 0 1 0 1 0 0 1 0 1 1 1 1 1 1 1 1 1 1 0 0 0 1 1 0 0 0 1 1 1 0 1 0 1 0 1 1 1 1 1 1 1 0 1 1 0 1 1 1 1 0 1 1 0 1 0 0 0 0 1 0 0 0 0 0 0 1 0 0 1 1 1 1 1 0 0 0 1 1 0 0 0 0 0 1 1 1 0 1 1 1 1 0 1 1 1 1 1 1 1 0 1 0
 0 0 0 0 0 0 1 0 0 1 0 1 0 0 0 0 0 0 1 0 1 0 1 0 1 0 0 1 0 1 1 1 1 1 1 1 1 1 0 0 0 1 0 0 0 0 0 1 1 1 0 1 0 1 0 1 1 1 1 1 1 1 0 0 1 0 1 1 1 1 0 0 1 0 1 0 1 1 1 1 0 0 0 0 0 0 1 1 0 1 1 1 0 0 0 1 0 1 1 0 1 1 1 1 1 1 0 1 0 0 1 0 0 1 0 0 0 0 0 1 0 1 0
 1 0 0 0 0 0 1 0 0 1 1 0 0 0 0 0 0 1 0 0 1 0 1 0 1 0 0 1 0 0 1 0 0 1 0 0 1 1 1 0 1 1 0 0 1 0 1 1 1 1 0 1 0 0 0 1 1 0 1 0 0 1 0 1 1 0 1 0 0 1 0 1 1 0 0 0 1 0 1 0 0 1 0 1 1 0 1 0 0 1 0 1 0 0 1 1 0 1 0 0 1 1 0 1 1 0 0 0 0 0 1 1 1 1 1 1 1 1 1 0 0 0 1
 1 1 0 0 0 0 1 0 0 0 1 0 0 0 0 0 0 0 1 0 1 0 1 0 1 0 0 1 1 0 0 1 0 1 1 1 1 0 0 0 1 1 0 0 0 0 0 0 1 1 0 1 1 0 1 1 0 0 0 0 0 1 0 1 1 1 0 0 0 1 0 1 1 1 1 1 0 0 0 1 1 1 1 1 1 0 1 0 0 0 1 1 1 0 1 0 0 0 1 1 0 1 1 0 0 0 0 0 0 0 1 0 1 1 0 0 0 0 0 0 0 1 0
 1 1 0 0 0 1 0 1 0 1 0 1 0 1 1 0 0 1 1 0 1 1 1 0 1 0 1 1 1 0 0 0 0 0 1 1 0 0 0 0 1 0 0 0 0 0 1 0 0 0 0 1 1 0 1 1 1 1 1 1 0 0 1 1 1 0 0 1 0 1 1 1 1 1 1 1 1 0 0 1 1 1 1 0 1 0 0 0 0 0 1 1 1 0 0 0 0 0 0 1 1 1 1 1 1 0 0 1 1 1 1 1 1 0 1 1 1 1 1 0 0 0 0
 1 1 0 0 0 0 0 0 0 0 1 1 1 0 0 1 0 0 0 0 1 0 0 0 1 0 0 1 1 0 0 0 0 0 1 1 0 0 0 0 1 0 0 0 0 0 1 0 0 0 0 1 1 0 1 1 1 1 0 1 0 0 0 1 0 1 1 1 0 0 0 1 1 0 1 1 1 0 1 1 0 1 0 0 1 1 1 0 0 1 0 1 1 0 0 0 0 1 0 0 1 0 1 1 1 0 1 0 1 1 0 0 1 0 0 0 1 0 0 0 0 0 0
 0 1 0 0 0 0 0 1 0 1 1 0 0 1 1 0 1 0 1 0 1 0 0 0 1 0 0 1 0 0 0 0 0 0 1 0 0 0 0 0 0 1 1 1 1 1 0 0 0 0 1 1 0 0 0 1 1 0 0 0 1 1 1 1 0 0 0 0 0 0 0 0 0 1 1 0 0 1 1 1 0 1 0 1 0 1 1 1 1 1 1 0 1 1 0 0 0 0 1 1 1 1 1 1 1 1 1 0 1 1 1 1 0 1 1 1 0 1 1 0 0 1 0
 0 1 0 0 0 0 0 1 0 0 0 1 1 1 1 1 0 1 0 0 1 0 0 0 1 0 0 1 0 0 1 0 0 0 1 0 0 0 1 1 0 0 0 1 1 1 1 1 0 1 1 1 0 1 0 1 1 1 0 0 0 0 1 0 0 1 1 0 0 1 1 0 1 1 1 0 0 0 1 1 0 0 0 0 1 1 0 0 1 1 0 1 1 0 0 0 0 0 0 0 1 0 1 0 0 0 1 0 1 1 0 0 0 1 0 0 0 0 0 0 0 0 1
 1 1 0 0 0 0 0 1 0 0 1 0 1 1 1 1 0 0 1 0 1 0 0 0 1 0 0 0 1 0 0 0 0 0 0 1 0 0 0 0 1 0 0 0 0 0 1 0 0 0 0 1 1 1 1 1 0 1 1 1 0 1 1 0 1 0 1 1 0 1 1 0 1 0 0 0 1 1 0 0 1 0 0 1 1 1 1 0 0 0 1 1 0 1 0 1 0 0 1 0 0 0 1 0 0 1 0 1 1 1 0 1 1 0 1 1 0 1 1 0 1 1 0
 1 0 0 0 0 0 0 1 0 1 0 0 1 1 1 1 0 0 0 0 1 0 0 0 1 0 0 0 1 0 0 0 0 1 1 0 1 1 1 0 1 0 0 0 0 1 0 1 1 1 0 0 0 0 1 0 0 0 0 1 0 0 0 1 1 1 1 1 1 0 1 0 1 0 0 1 0 0 1 0 1 0 1 0 0 0 1 0 0 1 1 1 1 1 1 0 0 1 0 1 1 1 0 1 0 0 0 1 1 1 0 0 1 1 0 0 1 0 0 1 0 0 1
 0 0 0 0 0 1 0 0 0 0 1 0 1 0 0 1 0 1 0 0 1 1 0 0 1 0 0 1 0 0 0 0 0 0 1 1 0 0 0 0 0 0 0 0 0 0 1 0 0 0 0 1 0 0 0 1 0 0 1 0 0 0 1 0 1 0 1 0 0 0 1 0 1 0 1 0 0 0 0 1 0 0 1 0 0 0 0 0 0 0 1 1 1 0 1 1 0 0 1 1 0 1 1 1 0 1 0 1 1 1 0 1 0 0 1 1 1 1 1 0 1 1 1
 0 1 0 0 0 0 1 1 0 1 0 0 1 1 1 1 0 0 0 0 1 0 1 0 1 0 0 1 0 1 1 0 1 0 1 0 1 1 1 1 0 0 1 1 0 0 0 0 0 0 1 1 0 0 0 1 1 0 1 0 1 1 1 1 1 1 1 1 1 1 0 0 1 1 1 0 0 0 0 1 0 1 0 1 0 0 0 0 0 0 1 1 1 0 1 0 0 1 0 0 1 0 0 0 1 0 0 1 0 0 0 0 0 1 0 0 1 0 0 1 1 0 0
 1 0 0 0 0 0 0 1 0 0 0 0 0 1 1 0 0 0 1 0 1 0 0 0 1 0 1 1 1 1 1 1 1 0 1 0 0 1 0 1 1 1 1 1 1 0 0 0 1 0 1 1 1 0 1 1 0 1 1 1 0 1 1 1 0 1 1 1 1 1 1 0 1 1 1 0 1 0 0 1 1 1 0 0 0 0 0 1 0 1 1 1 1 1 1 0 0 0 0 1 0 0 1 1 0 0 0 0 1 1 1 1 1 1 1 1 1 1 1 0 1 1 1
 1 0 0 0 0 1 1 1 0 0 1 0 1 1 1 1 0 0 0 0 1 1 1 0 1 0 0 1 1 0 0 0 0 1 1 1 1 1 1 0 1 1 1 1 1 0 1 1 1 1 1 1 1 1 1 1 1 0 1 1 1 1 1 1 1 0 1 1 0 1 0 0 1 1 1 1 0 0 0 1 0 1 0 0 0 0 0 0 0 1 1 0 0 1 1 1 0 1 0 1 0 1 0 0 1 0 0 1 0 0 0 0 1 1 0 0 1 0 0 1 0 1 0
 1 0 0 0 0 1 1 1 0 0 1 0 1 1 1 1 0 0 0 0 0 1 0 0 0 0 1 1 1 0 0 0 0 0 1 1 0 0 0 0 1 0 0 0 0 0 1 0 0 0 0 1 1 1 1 1 1 1 1 0 1 0 0 1 1 1 1 0 1 0 0 1 1 1 1 1 1 0 1 1 1 0 0 0 0 0 1 1 0 0 1 1 0 1 1 0 0 1 1 1 1 1 0 0 1 1 1 0 0 0 0 1 1 0 1 1 0 1 1 1 1 0 1
 1 0 0 0 0 0 1 0 0 0 0 0 1 0 0 1 0 1 0 0 1 0 1 0 1 0 0 1 1 0 0 0 0 0 1 1 0 0 0 0 1 0 0 0 0 0 1 0 0 0 0 1 1 0 1 1 1 1 1 0 0 1 1 1 1 1 0 0 0 0 0 0 0 1 1 1 0 1 0 1 1 1 1 1 1 1 1 1 1 1 0 1 0 1 0 1 0 0 1 1 1 1 1 1 1 1 1 1 0 0 0 0 1 0 0 0 0 0 0 1 1 1 1
 0 1 0 0 0 0 1 1 0 0 0 0 0 1 1 0 0 0 0 0 0 0 0 0 0 0 0 1 0 1 1 0 1 0 1 0 1 0 1 0 0 1 1 0 1 1 0 1 0 1 1 0 0 1 0 0 0 0 0 0 1 0 1 1 1 1 1 0 1 1 1 1 0 1 0 0 1 1 0 0 0 1 0 1 0 0 1 0 1 0 0 1 0 1 1 1 0 1 0 0 0 1 0 0 0 0 1 0 0 0 1 0 0 1 0 0 0 0 0 1 1 0 1
 0 0 0 0 0 1 0 1 0 1 0 0 1 1 1 1 0 0 0 0 0 1 0 0 0 0 0 1 0 1 0 1 0 0 0 1 1 0 0 1 0 1 1 1 1 0 0 1 0 1 1 0 0 0 0 0 1 0 1 1 0 0 1 0 1 0 1 1 0 0 1 0 1 0 0 0 1 1 0 0 1 0 1 1 0 0 0 0 0 0 0 1 1 0 1 1 0 1 0 1 1 0 1 0 0 1 1 1 1 1 0 0 0 1 0 0 0 0 0 0 1 0 1
 1 1 0 0 0 1 1 0 0 0 0 0 1 0 0 1 0 0 0 0 1 1 0 0 1 0 1 1 1 1 1 1 0 0 1 0 0 1 1 1 1 0 0 1 0 1 1 1 1 1 0 1 1 1 1 1 0 1 0 1 0 1 0 1 1 1 0 1 0 1 0 1 1 1 1 0 1 1 1 1 0 0 1 0 1 1 1 0 0 1 1 1 0 1 1 1 0 0 0 1 1 1 0 0 1 1 0 0 0 0 0 1 1 1 1 1 0 1 1 1 0 1 0
 1 0 0 0 0 1 0 1 0 0 0 0 0 1 1 0 0 1 1 0 1 1 0 0 1 0 0 1 1 0 0 0 0 0 1 1 0 0 0 0 1 0 0 0 0 0 0 0 0 0 0 1 1 1 1 1 0 0 0 0 0 0 0 0 0 1 1 1 1 1 1 0 0 0 1 1 1 0 0 1 1 1 1 1 1 1 1 1 1 1 1 1 1 1 1 0 0 1 1 1 1 1 1 1 1 1 1 1 1 1 1 0 1 1 0 0 1 0 0 0 1 1 1
 0 0 0 0 0 0 1 1 0 0 0 0 0 1 1 0 0 1 1 0 1 0 1 0 1 0 0 1 0 1 1 0 1 0 1 0 1 0 0 0 0 1 0 1 1 1 1 0 1 1 0 1 0 0 0 1 1 0 1 0 1 1 0 0 0 1 1 0 1 1 0 0 0 1 1 0 0 0 1 1 0 1 0 1 0 0 1 1 1 0 0 0 1 1 1 1 0 1 1 0 0 0 1 0 1 0 0 1 0 0 1 0 0 1 0 0 1 0 0 0 1 0 1
 0 1 0 0 0 1 0 0 0 1 0 1 1 0 0 1 0 0 1 0 1 1 1 0 1 0 0 1 0 1 0 1 0 1 1 0 1 0 1 0 0 1 0 0 0 1 1 1 1 0 1 1 0 1 0 1 1 0 1 0 1 0 1 0 1 1 0 1 0 1 0 1 0 1 1 0 0 0 1 1 0 0 0 1 0 0 0 1 1 1 1 0 1 0 0 1 0 1 0 0 1 0 1 0 1 0 1 0 1 1 0 1 0 1 1 1 0 1 1 1 1 1 1
 1 1 0 0 0 1 0 0 0 1 1 0 0 0 0 0 0 1 1 0 1 1 0 0 1 0 0 1 1 0 0 0 0 0 1 1 0 0 0 0 1 0 0 0 0 0 1 0 0 0 0 1 1 0 1 1 1 1 0 0 0 0 0 0 1 1 0 1 1 1 0 0 1 1 1 0 0 0 0 1 0 0 0 0 1 0 0 1 1 1 1 0 0 1 1 0 0 0 0 0 1 1 1 1 1 1 0 0 1 1 1 0 1 0 0 0 1 0 0 1 1 1 1
 1 1 0 0 0 1 0 0 0 0 1 1 0 0 0 0 0 0 1 0 1 1 0 0 1 0 1 1 1 1 1 1 0 1 1 1 0 1 1 1 1 1 1 1 0 1 1 0 1 1 1 1 1 1 1 1 0 1 1 0 1 1 1 1 0 0 0 1 1 1 1 1 1 0 1 1 1 0 0 1 1 0 0 1 0 0 0 0 1 1 1 1 0 0 0 0 0 0 1 0 1 0 0 0 0 0 0 1 1 1 1 1 1 1 1 1 0 1 1 1 0 1 0
 1 1 0 0 0 0 1 1 0 0 1 0 0 1 1 0 0 1 0 0 1 0 1 0 1 0 0 1 1 0 0 1 1 1 1 0 1 1 0 0 1 0 0 1 1 1 0 1 1 0 0 1 1 0 1 1 1 1 1 1 0 0 0 0 1 1 1 1 0 0 0 0 0 1 1 0 0 0 0 1 1 1 0 0 1 1 1 1 1 0 1 0 0 0 1 0 0 0 0 0 0 0 1 1 1 1 0 0 0 0 1 0 1 1 0 0 1 0 0 0 1 1 1
 1 0 0 0 0 1 1 1 0 1 0 0 1 1 1 1 0 0 0 0 1 1 1 0 1 0 0 1 1 1 1 1 0 0 1 0 1 1 1 0 1 0 1 1 0 1 0 0 0 0 0 1 1 1 1 1 0 1 1 1 1 0 0 0 0 1 1 1 0 0 0 0 1 0 1 0 0 1 0 1 1 0 0 0 0 1 1 1 1 0 1 1 1 1 0 0 0 0 1 0 1 0 0 1 1 1 1 0 0 0 0 1 1 1 1 1 0 1 1 1 0 1 0
 0 1 0 0 0 1 1 0 0 1 1 0 1 0 0 1 0 1 1 0 1 1 1 0 1 0 0 1 0 0 1 1 0 1 1 1 1 1 0 0 0 1 0 1 0 0 0 1 1 0 0 1 0 0 0 1 0 0 1 1 1 1 1 1 0 1 1 1 1 1 1 1 0 1 1 0 1 0 1 1 1 1 0 0 0 0 0 0 1 0 0 1 0 1 0 0 0 0 0 0 1 0 0 1 1 1 0 1 0 0 0 0 0 1 0 0 1 0 0 1 0 1 0
 1 1 0 0 0 1 1 0 0 1 1 0 0 0 0 0 0 1 1 0 1 1 1 0 1 0 1 1 1 0 1 0 1 1 1 1 1 0 0 0 1 0 0 0 1 1 0 0 1 1 0 1 1 1 1 1 0 1 1 0 0 0 0 1 1 1 0 0 0 1 0 0 0 1 1 1 1 0 0 1 1 0 1 1 1 0 1 1 1 0 1 1 1 0 1 1 0 0 1 0 0 1 1 1 1 0 0 0 0 0 1 1 1 1 1 1 1 1 1 1 0 0 1
 1 0 0 0 0 1 0 0 0 1 1 0 0 0 0 0 0 0 0 0 1 1 0 0 1 0 0 1 1 0 0 1 1 0 1 0 0 1 1 1 1 0 0 1 1 0 0 0 1 1 1 1 1 0 1 1 0 1 0 0 1 0 0 1 1 1 0 0 1 0 1 0 0 0 1 1 0 0 1 1 1 0 1 1 0 1 1 0 0 0 1 1 0 0 1 1 0 1 0 1 1 1 0 1 0 1 1 1 1 1 1 0 1 1 0 0 0 0 0 0 1 1 1
 1 0 0 0 0 1 1 0 0 1 1 0 0 0 0 0 0 0 1 0 0 1 0 0 0 0 1 1 1 0 0 0 0 0 1 1 0 0 0 0 1 0 0 0 0 0 1 0 0 0 0 1 1 1 1 1 1 1 0 0 0 0 0 1 0 1 0 0 0 0 0 1 0 1 1 1 1 0 1 1 1 0 1 1 0 1 0 0 1 0 1 0 0 0 1 0 0 1 0 0 0 0 0 1 0 1 0 1 0 0 1 1 1 0 1 1 1 1 1 1 1 1 0
 1 0 0 0 0 0 1 0 0 0 0 1 0 0 0 0 0 0 1 0 1 0 1 0 1 0 0 1 1 0 0 0 0 0 1 1 0 0 0 0 1 0 0 0 0 0 1 0 0 0 0 1 1 0 1 1 1 1 1 0 1 1 0 1 0 0 0 1 1 0 1 0 1 0 1 1 0 0 0 1 1 1 1 0 0 1 0 1 0 1 0 1 1 0 0 0 0 0 0 0 0 1 0 0 1 0 1 1 0 0 1 0 1 0 0 0 1 0 0 1 0 1 0
 0 0 0 0 0 0 1 1 0 0 1 1 0 1 1 0 0 0 1 0 1 0 1 0 1 0 0 1 0 0 0 0 0 0 1 0 1 0 1 0 0 1 1 1 0 0 0 0 1 1 1 1 0 1 0 1 1 0 0 0 0 0 0 1 0 1 0 0 1 1 1 1 0 0 1 0 1 1 1 1 0 1 1 1 1 1 1 0 1 1 1 0 0 0 0 0 0 1 0 0 1 1 0 0 0 0 1 1 0 0 1 1 0 1 1 1 0 1 1 0 0 0 1
 0 0 0 0 0 0 1 0 0 0 1 1 1 0 0 1 0 0 0 0 1 0 1 0 1 0 0 1 0 1 1 0 1 0 1 0 1 1 1 0 0 0 1 1 1 1 0 1 0 0 1 1 0 0 0 1 0 0 1 0 1 0 0 0 0 1 1 0 1 0 0 0 0 1 1 0 0 0 1 1 0 0 0 0 0 1 0 1 1 0 1 1 1 0 0 0 0 0 0 1 0 1 0 0 1 0 0 0 0 0 0 1 0 1 1 1 1 1 1 0 0 1 0
 1 1 0 0 0 0 1 0 0 0 1 0 0 0 0 0 0 1 0 0 1 0 1 0 1 0 0 1 1 0 1 1 0 1 1 0 0 1 1 0 1 1 1 1 1 0 1 0 1 0 0 1 1 0 1 1 0 1 1 1 1 0 0 0 1 0 1 1 1 1 0 0 1 0 1 0 0 0 0 1 1 1 0 0 0 0 1 1 0 1 1 1 1 1 0 0 0 0 1 0 0 0 0 1 1 1 0 1 0 0 1 0 1 1 0 0 1 0 0 1 0 1 1
 1 1 0 0 0 0 0 1 0 1 0 1 0 1 1 0 0 1 0 0 1 0 1 0 1 0 0 1 1 0 1 1 1 1 1 0 1 1 0 1 1 0 1 1 1 1 0 1 1 0 1 1 1 0 1 1 0 1 0 0 1 0 0 0 0 1 0 1 1 1 0 0 0 1 1 1 1 0 0 1 1 0 1 1 1 1 1 1 1 1 1 0 0 0 0 1 0 0 1 0 1 1 0 1 1 1 1 0 1 1 1 1 1 1 1 1 1 1 1 1 0 0 0
 0 1 0 0 0 0 0 1 0 0 0 0 1 1 1 1 0 1 0 0 1 0 0 0 1 0 0 1 0 0 0 0 0 0 1 1 0 0 0 0 0 0 0 0 0 0 1 0 0 0 0 1 0 1 0 1 1 1 1 0 1 0 0 0 0 0 0 1 1 1 0 1 1 1 1 0 0 0 1 1 0 0 1 1 1 0 1 1 1 1 0 1 0 0 1 0 0 0 1 0 1 0 0 0 1 0 0 0 1 1 0 0 0 0 0 0 0 0 0 1 0 1 1
 0 0 0 0 0 0 1 0 0 1 0 0 0 0 0 0 0 1 0 0 1 0 1 0 1 0 1 1 0 0 0 1 1 0 1 0 1 1 1 1 0 1 1 1 1 0 1 0 0 1 0 1 0 1 0 1 0 1 1 1 1 0 1 0 1 1 1 1 1 0 1 0 1 1 1 0 1 1 0 1 1 1 0 1 1 1 0 0 0 0 1 1 0 1 0 0 0 0 1 0 0 0 0 1 0 1 0 0 0 0 1 1 0 1 1 1 0 1 1 1 0 1 1
 1 1 0 0 0 0 0 1 0 1 0 0 1 1 1 1 0 1 1 0 1 0 0 0 1 0 0 1 1 0 0 0 0 0 1 1 0 0 0 0 1 0 0 0 0 0 1 0 0 0 0 1 1 0 1 1 0 1 1 1 1 1 1 0 1 1 1 1 0 0 0 1 0 1 1 0 1 0 0 1 1 0 1 0 1 1 1 1 1 0 1 0 1 0 1 1 0 1 0 1 0 0 1 0 1 0 1 1 1 1 0 0 1 0 0 0 1 0 0 0 0 0 0
 0 1 0 0 0 0 0 1 0 1 0 0 1 1 1 1 0 1 0 0 1 0 0 0 1 0 1 1 0 0 0 0 0 0 1 1 0 0 0 0 0 0 0 0 0 0 1 0 0 0 0 1 0 0 0 1 1 1 0 0 0 1 0 1 0 1 1 1 1 0 1 0 0 0 1 0 0 0 0 1 0 0 1 1 0 0 0 0 0 1 1 1 0 1 0 1 0 0 0 0 1 1 1 0 1 0 1 0 1 1 0 1 0 0 1 1 1 1 1 0 1 0 1
 1 1 0 0 0 1 0 1 0 0 1 0 1 1 1 1 0 1 0 0 1 1 0 0 1 0 0 1 1 0 0 0 1 0 1 0 1 0 0 0 1 0 0 0 1 0 0 1 0 0 0 1 1 0 1 1 0 0 1 0 1 0 0 0 0 1 1 0 1 0 0 0 0 1 1 1 1 0 1 1 0 1 0 1 1 1 1 1 1 0 1 1 0 1 0 1 0 0 0 1 0 0 0 1 1 1 1 0 1 1 0 1 1 1 1 1 0 1 1 1 0 0 0
 0 1 0 0 0 0 0 0 0 0 1 0 1 0 0 1 0 1 0 0 1 0 0 0 1 0 0 1 0 0 0 0 0 0 1 1 0 0 0 0 0 0 0 0 0 0 1 0 0 0 0 1 0 0 0 1 1 0 0 0 0 1 0 0 1 0 0 0 0 1 0 0 1 0 1 0 0 1 1 1 0 0 1 0 1 0 1 0 0 0 1 1 1 1 1 0 0 1 0 0 0 0 0 0 1 1 0 1 1 1 0 0 0 0 0 0 0 0 0 1 0 0 0
 1 0 0 0 0 1 0 1 0 0 0 0 1 1 1 1 1 1 1 0 1 1 0 0 1 0 0 1 0 0 0 0 0 0 1 0 0 0 0 0 0 0 0 0 0 0 0 0 0 0 0 1 1 0 1 1 1 0 1 1 1 1 1 0 0 0 0 0 0 0 0 1 1 1 0 0 1 0 0 1 1 1 1 1 1 1 1 1 1 1 0 1 0 1 1 1 0 1 1 1 1 1 1 1 1 1 1 1 1 1 0 1 1 1 1 1 0 1 1 0 0 1 0
 1 1 0 0 0 1 0 0 0 0 0 0 0 0 0 0 0 0 1 0 1 1 0 0 1 0 1 1 1 0 0 0 0 0 1 1 0 0 0 0 1 0 0 0 0 0 1 0 0 0 0 1 1 0 1 1 1 1 1 0 0 0 0 1 1 0 0 1 1 0 1 1 0 1 1 0 0 1 0 1 0 0 0 1 1 1 1 0 0 1 1 0 0 0 1 1 0 0 1 1 1 0 1 1 1 0 1 1 1 1 1 1 1 0 1 1 0 1 1 1 1 1 1
 1 0 0 0 0 0 1 1 0 1 0 0 0 1 1 0 0 0 0 0 1 0 1 0 1 0 0 1 1 0 0 0 0 0 1 1 0 0 0 0 1 0 0 0 0 0 1 0 0 0 0 1 1 0 1 1 0 0 0 1 1 1 0 0 1 0 0 0 0 0 1 1 1 0 1 1 0 0 0 1 1 1 1 0 0 0 1 1 0 1 0 1 0 1 0 0 0 0 0 1 1 1 1 0 1 1 1 1 0 0 1 0 1 0 0 0 0 0 0 0 0 0 1
 1 1 0 0 0 0 1 1 0 0 0 0 0 1 1 0 0 1 0 0 1 0 1 0 1 0 1 1 0 0 0 0 0 0 0 1 0 0 0 0 1 0 0 0 0 0 1 0 0 0 0 0 0 1 1 0 0 1 0 0 0 0 0 1 0 0 1 1 1 1 1 0 1 0 0 1 1 1 1 0 0 0 0 0 0 0 0 1 0 1 0 0 0 1 1 1 0 1 1 0 1 1 1 1 1 0 1 1 0 0 1 1 1 0 1 1 0 1 1 0 0 0 0
 1 1 0 0 0 0 0 1 0 1 0 0 1 1 1 1 0 0 0 0 1 0 0 0 1 0 0 0 0 0 1 0 1 0 1 0 0 1 0 0 1 1 0 0 0 1 1 0 1 0 1 0 0 0 0 0 0 1 1 1 1 1 1 1 0 0 1 0 1 0 0 0 1 1 0 1 1 0 1 1 1 0 0 1 0 1 0 0 0 1 1 1 0 0 1 0 0 0 1 1 0 1 0 1 1 1 0 0 1 1 0 0 1 1 0 0 0 0 0 0 0 1 1
 0 0 0 0 0 0 0 1 0 1 0 0 1 1 1 1 0 0 0 0 1 0 0 0 1 0 0 1 0 0 0 0 0 0 1 1 0 0 0 0 0 0 0 0 0 0 1 0 0 0 0 1 0 1 0 1 1 0 1 1 1 0 1 1 1 1 1 0 0 1 1 1 0 0 1 0 0 0 0 1 1 1 1 1 1 1 0 0 0 0 1 0 0 1 0 1 0 1 0 1 0 0 0 1 0 0 0 0 1 1 0 1 0 0 1 1 1 1 1 1 1 0 1
 1 1 0 0 0 1 1 1 0 0 0 0 1 1 1 1 0 0 1 0 1 1 1 0 1 0 0 1 1 0 0 0 0 0 1 1 0 0 0 0 1 0 0 0 0 0 1 0 0 0 0 1 1 1 1 1 1 0 0 1 1 0 1 0 1 0 0 1 0 1 0 0 0 1 1 0 1 0 1 1 0 1 1 0 0 1 0 1 0 1 1 1 1 1 1 0 0 1 0 0 1 0 1 0 1 1 1 0 0 0 0 0 1 0 0 0 1 0 0 0 1 1 0
 0 1 0 0 0 1 1 0 0 0 1 0 1 0 0 1 0 0 0 0 1 1 0 0 1 0 1 1 0 1 0 0 1 0 1 1 1 1 1 0 0 0 1 0 1 1 0 0 1 1 1 1 0 1 0 1 0 0 1 0 0 1 0 0 0 1 1 0 1 0 1 1 1 1 1 0 1 0 0 1 1 0 0 1 0 1 0 0 0 0 1 1 1 1 1 1 0 0 0 1 0 0 0 1 0 0 0 1 0 0 0 1 0 1 1 1 1 1 1 0 1 0 1
 0 1 0 0 0 1 0 1 0 1 0 0 0 1 1 0 0 0 0 0 1 1 0 0 1 0 0 1 0 0 0 0 0 0 1 1 0 0 0 0 0 0 0 0 0 0 1 0 0 0 0 1 0 1 0 1 0 1 0 1 0 0 1 0 1 0 1 1 1 0 1 0 1 1 1 0 0 0 1 1 0 0 0 0 0 1 0 1 0 0 1 0 1 0 1 0 0 1 0 1 0 1 1 0 1 1 1 0 1 1 1 0 0 0 0 0 0 0 0 1 0 1 0
 0 0 0 0 0 1 0 0 0 1 1 0 0 0 0 0 0 0 0 0 1 1 1 0 1 0 1 1 0 1 0 1 0 1 1 0 1 1 1 0 0 1 1 1 0 0 1 1 0 0 1 1 0 1 0 1 1 1 0 0 0 0 0 1 1 1 0 0 0 0 0 1 1 1 1 0 0 1 0 1 0 1 1 0 0 0 0 1 1 1 1 1 1 1 0 0 0 1 0 0 1 0 1 0 1 0 0 0 1 1 1 1 0 1 1 1 0 1 1 1 1 1 1
 0 0 0 0 0 1 1 1 0 1 1 1 0 1 1 0 0 0 0 0 1 1 1 0 1 0 1 1 0 1 0 0 0 0 1 0 0 1 0 0 0 0 1 1 0 0 1 1 0 0 0 1 0 0 0 1 0 0 1 0 0 1 1 0 1 1 1 0 0 1 1 0 1 1 1 0 1 0 1 1 0 1 1 0 0 1 1 1 1 1 1 1 0 0 0 1 0 0 1 0 0 0 0 1 0 0 0 1 0 0 1 1 0 1 1 1 1 1 1 1 1 1 1
 1 0 0 0 0 1 0 1 0 0 0 1 1 1 1 1 0 0 0 0 1 1 0 0 1 0 0 1 1 0 0 0 0 0 1 1 0 0 0 0 1 0 0 0 0 0 1 0 0 0 0 1 1 1 1 1 1 1 0 0 1 1 1 1 0 0 1 0 0 1 1 1 1 0 1 0 1 0 0 1 1 0 0 1 1 0 0 0 0 1 1 1 1 0 0 0 0 0 0 0 1 1 0 0 0 0 1 1 1 1 0 0 1 0 0 0 1 0 0 0 0 0 1
 0 0 0 0 0 0 1 0 0 0 1 0 0 0 0 0 0 1 0 0 1 0 1 0 1 0 0 0 0 1 1 0 0 1 0 0 0 0 0 1 0 1 0 1 0 1 1 0 0 0 1 0 0 0 0 0 0 0 1 0 0 1 0 0 0 0 1 0 0 1 0 0 0 0 0 0 1 0 0 1 1 1 0 1 1 0 1 1 1 1 1 0 0 0 1 0 0 0 1 0 1 1 0 0 0 1 1 0 0 0 1 0 0 1 0 0 0 0 0 0 1 0 1
 0 1 0 0 0 1 1 1 0 0 0 1 0 1 1 0 0 1 0 0 1 1 1 0 1 0 0 1 0 0 0 0 1 1 0 1 0 0 0 0 0 1 0 1 0 1 0 1 1 1 1 1 0 1 0 1 1 1 1 0 0 0 0 0 0 1 1 0 0 0 0 0 0 1 0 0 0 0 0 1 1 1 1 1 1 1 1 1 1 1 0 0 0 0 0 0 0 1 1 1 1 1 1 1 1 1 1 1 0 0 1 0 0 1 0 0 0 0 0 0 0 1 0
 1 1 0 0 0 0 1 1 0 0 0 1 0 1 1 0 0 1 1 0 1 0 0 0 1 0 1 1 1 0 0 0 0 0 1 1 0 0 0 0 1 0 0 0 0 0 1 0 0 0 0 1 1 0 1 1 0 1 0 0 1 1 1 0 1 1 0 0 0 1 1 1 1 1 1 0 0 0 1 1 1 0 0 1 0 1 0 1 1 0 1 1 0 0 0 1 0 0 1 0 0 1 1 0 0 0 0 0 0 0 1 1 1 0 1 1 1 1 1 1 1 1 0
 0 0 0 0 0 1 1 0 0 1 0 0 1 0 0 1 0 1 0 0 1 1 1 0 1 0 0 1 0 0 0 0 0 0 1 1 0 0 0 0 0 0 0 0 0 0 1 0 0 0 0 1 0 1 0 1 0 1 1 0 1 0 1 0 1 1 1 0 1 0 1 0 1 1 1 0 0 0 0 1 1 1 1 0 0 1 0 0 0 0 0 1 1 0 1 0 0 0 1 0 1 1 1 1 1 0 1 0 0 0 0 0 0 0 0 0 1 0 0 0 0 0 1
 1 0 0 0 0 0 1 0 0 0 0 0 1 0 0 1 0 1 0 0 0 0 0 0 0 0 0 1 1 1 0 1 0 1 1 1 0 1 1 0 1 1 0 1 0 1 1 0 1 1 0 1 1 1 1 1 1 1 1 1 0 1 1 1 1 1 1 1 0 1 1 1 1 1 1 1 0 0 0 1 1 0 0 0 0 1 0 0 0 0 1 0 0 1 0 0 0 1 1 0 1 0 1 0 1 0 0 1 0 0 0 0 1 1 0 0 1 0 0 0 1 0 0
 1 1 0 0 0 1 1 1 0 0 0 1 0 1 1 0 0 1 1 0 1 1 0 0 1 0 0 0 1 0 0 0 0 0 1 1 0 0 0 0 0 0 0 0 0 0 1 0 0 0 0 0 1 1 1 0 1 1 0 1 1 0 1 0 0 0 0 1 1 0 1 0 0 0 0 0 1 0 0 0 0 0 0 1 1 0 1 0 0 1 1 1 0 0 0 1 0 1 0 0 1 0 0 1 0 1 1 1 0 0 1 1 1 0 1 1 1 1 1 1 1 1 0
 0 1 0 0 0 1 0 1 0 0 1 0 1 1 1 1 0 0 0 0 1 1 0 0 1 0 1 1 0 0 0 0 0 0 1 1 0 0 0 0 0 0 0 0 0 0 1 0 0 0 0 1 0 1 0 1 1 1 1 0 1 1 1 1 1 0 0 1 1 1 1 1 0 1 1 0 0 0 0 1 0 0 0 0 0 1 1 1 1 0 1 1 1 0 1 1 0 0 1 0 0 1 1 0 1 1 0 0 1 1 0 1 0 0 1 1 1 1 1 1 1 1 1
 0 0 0 0 0 1 0 0 0 1 1 0 1 0 0 1 0 1 0 0 1 1 1 0 1 0 0 1 0 0 0 1 1 0 1 1 0 0 0 0 0 1 1 1 1 1 0 1 0 0 1 1 0 1 0 1 0 0 1 1 0 0 0 0 0 0 1 0 1 1 1 0 1 1 1 0 1 0 1 1 0 1 1 0 1 1 0 0 1 0 0 1 0 1 1 0 0 1 1 1 0 0 1 1 1 1 1 1 1 1 0 0 0 1 0 0 1 0 0 1 1 1 1
 0 1 0 0 0 0 1 0 0 1 0 0 0 0 0 0 0 0 0 0 1 0 0 0 1 0 0 0 0 0 0 0 0 0 0 1 0 0 0 0 0 0 0 0 0 0 1 0 0 0 0 0 0 1 0 0 1 0 1 1 1 1 1 0 1 0 0 1 1 1 0 0 0 1 0 0 1 0 0 0 1 0 0 1 0 1 1 1 1 1 1 0 0 1 1 1 0 0 1 0 1 0 0 0 1 1 1 0 0 0 1 1 0 0 1 1 1 1 1 1 1 1 1
 0 0 0 0 0 0 1 0 0 0 0 1 0 0 0 0 1 1 1 0 1 0 1 0 1 0 0 0 0 1 0 0 1 1 0 0 1 1 0 1 0 1 0 0 0 1 0 0 0 0 0 0 0 1 0 0 1 1 1 1 1 1 0 1 1 1 0 0 0 1 0 0 0 1 0 0 0 0 0 0 1 1 0 1 0 0 0 0 0 0 0 1 1 0 0 1 0 0 1 0 1 1 1 0 1 1 1 0 0 0 1 0 0 1 0 0 1 0 0 0 1 0 1
 1 0 0 0 0 1 0 0 0 0 1 0 1 0 0 1 0 0 1 0 1 1 0 0 1 0 0 0 1 1 1 0 0 0 0 1 0 0 0 1 0 0 1 1 0 1 1 1 1 0 0 0 1 1 1 0 0 0 0 1 1 1 0 1 1 0 0 1 1 0 0 0 0 1 0 1 0 1 1 1 1 0 1 1 1 0 1 1 0 0 1 1 1 0 1 0 0 1 1 1 1 0 0 0 1 0 0 1 1 1 0 0 1 1 0 0 0 0 0 1 1 0 1
 1 1 0 0 0 0 0 0 0 1 1 1 0 0 0 0 0 0 1 0 1 0 0 0 1 0 0 1 1 1 0 1 0 1 1 1 1 0 1 0 1 1 0 1 0 1 1 1 0 1 0 1 1 1 1 1 1 0 1 1 0 0 0 1 1 0 0 0 1 1 0 1 0 0 1 0 0 0 0 1 0 0 1 1 0 0 1 0 1 1 1 1 0 0 0 1 0 1 0 0 1 0 1 0 1 0 1 1 1 1 1 0 1 1 0 0 1 0 0 0 0 0 0
 1 1 0 0 0 0 0 0 0 1 0 0 1 0 0 1 0 1 0 0 1 0 1 0 1 0 0 1 1 0 0 0 0 0 1 1 0 0 0 0 1 0 0 0 0 0 1 0 0 0 0 1 1 1 1 1 0 1 0 1 0 0 1 0 1 1 0 1 1 1 1 0 0 0 1 1 1 0 1 1 1 1 0 0 0 0 1 0 1 1 1 1 0 0 1 0 0 0 1 0 1 0 0 0 0 1 1 1 1 1 0 0 1 0 0 0 1 0 0 1 1 1 1
 0 0 0 0 0 0 0 1 0 1 0 1 1 1 1 1 0 0 1 0 1 0 0 0 1 0 1 1 0 1 1 0 0 1 1 1 1 1 1 1 0 0 1 1 0 1 0 1 0 1 1 1 0 1 0 1 1 1 0 0 1 0 0 1 1 0 0 1 0 1 1 1 1 0 1 0 0 0 0 1 0 0 1 1 0 0 0 0 0 1 1 1 1 0 0 0 0 1 0 0 1 1 0 1 1 0 0 1 1 1 0 1 0 1 1 1 1 1 1 1 0 0 0
 1 1 0 0 0 1 0 1 0 0 0 0 0 1 1 0 0 0 1 0 1 1 0 0 1 0 1 1 1 0 0 0 0 0 1 1 0 0 0 0 1 0 0 0 0 0 1 0 0 0 0 1 1 1 1 1 0 1 0 1 1 0 1 1 1 0 1 0 1 1 1 0 0 0 1 1 1 1 0 1 1 0 0 1 0 0 0 1 1 1 1 1 1 0 1 1 0 0 0 0 1 1 0 0 0 1 0 1 1 1 1 1 1 0 1 1 0 1 1 1 1 1 1
 1 0 0 0 0 1 0 1 0 0 1 1 0 1 1 0 0 0 1 0 1 1 0 0 1 0 1 1 1 0 1 1 0 0 1 1 0 1 1 1 1 0 1 1 1 1 0 1 0 1 1 1 1 1 1 1 0 0 0 0 0 0 1 0 1 0 0 1 0 1 1 0 1 1 1 1 0 1 1 1 1 0 1 1 1 0 1 0 1 0 1 1 0 0 0 1 0 0 1 1 1 0 0 1 0 0 0 1 1 1 1 1 1 1 1 1 0 1 1 0 1 1 1
 1 0 0 0 0 1 0 1 0 1 1 0 1 1 1 1 0 0 1 0 1 1 1 0 1 0 1 1 1 1 1 1 1 1 1 0 1 1 1 1 1 1 1 0 1 1 1 1 1 0 1 1 1 0 1 1 0 1 0 1 1 0 1 0 0 0 0 1 0 0 0 0 0 1 1 0 0 0 0 1 0 1 1 0 1 1 1 1 1 0 1 1 0 0 1 0 0 1 1 0 0 1 1 0 0 0 0 0 1 1 0 1 1 1 1 1 1 1 1 0 0 0 0
 1 0 0 0 0 1 0 1 0 0 1 0 1 1 1 1 0 1 1 0 1 1 1 0 1 0 0 1 1 0 0 0 0 0 1 1 0 0 0 0 1 0 0 0 0 0 1 0 0 0 0 1 1 0 1 1 1 1 1 0 1 0 0 0 0 1 1 0 1 0 0 0 0 1 1 1 1 1 0 1 0 0 1 1 0 0 1 1 1 0 1 1 0 1 0 0 0 0 1 0 0 0 1 0 1 1 1 0 1 1 0 0 1 0 0 0 0 0 0 0 1 0 0
 1 1 0 0 0 0 0 0 0 1 0 0 1 0 0 1 0 0 1 0 1 0 0 0 1 0 0 1 1 0 0 0 0 0 1 1 0 0 0 0 1 0 0 0 0 0 1 0 0 0 0 1 1 0 1 1 1 1 0 1 1 1 0 1 1 0 0 1 1 1 1 0 0 1 1 1 1 0 1 1 0 0 1 0 0 0 0 1 1 1 1 1 0 0 1 1 0 0 0 0 1 0 0 0 1 0 0 1 1 1 0 0 1 0 0 0 1 0 0 0 0 0 1
 0 1 0 0 0 1 0 0 0 0 1 0 0 0 0 0 0 1 0 0 1 1 1 0 1 0 0 1 0 0 0 0 0 0 1 1 0 0 0 0 0 0 0 0 0 0 1 0 0 0 0 1 0 0 0 1 1 0 0 1 1 1 0 1 0 1 1 1 0 0 0 0 1 1 0 0 0 0 0 1 1 0 1 1 0 1 1 0 0 1 1 0 1 0 1 0 0 0 1 1 1 0 0 0 0 1 0 0 1 1 1 0 0 0 0 0 1 0 0 0 1 0 1
 0 1 0 0 0 0 0 0 0 0 0 1 0 0 0 0 0 0 0 0 1 0 0 0 1 0 0 1 0 1 1 1 1 1 1 0 0 1 1 1 0 1 1 0 0 1 0 1 1 0 0 1 0 0 0 1 0 1 0 1 0 0 0 1 0 0 1 0 0 0 1 1 1 1 1 0 1 0 1 1 0 0 1 1 0 0 1 1 0 0 1 0 0 0 0 0 1 1 1 0 0 0 0 0 0 0 0 0 1 1 1 1 0 1 1 1 1 1 1 0 0 0 0
 0 1 0 0 0 1 0 1 0 1 0 1 1 1 1 1 0 1 1 0 1 1 0 0 1 0 1 1 0 0 0 0 0 0 1 1 0 0 0 0 0 0 0 0 0 0 1 0 0 0 0 1 0 0 0 1 1 0 0 1 1 0 1 0 0 0 0 0 0 1 1 0 1 1 1 0 0 0 0 1 1 0 1 0 1 0 0 1 0 1 1 0 1 0 0 0 0 1 0 0 1 1 1 0 0 1 1 0 1 1 0 1 0 0 1 1 0 1 1 0 0 1 0
 0 1 0 0 0 1 1 0 0 1 0 0 1 0 0 1 0 1 0 0 1 1 1 0 1 0 0 1 0 0 0 0 0 0 1 1 0 0 0 0 0 0 0 0 0 0 1 0 0 0 0 1 0 0 0 1 1 0 1 0 1 0 1 0 0 1 0 0 0 1 1 0 1 0 1 0 1 1 0 1 0 1 0 1 0 0 1 1 1 1 1 0 0 1 1 0 0 1 0 1 1 1 1 0 0 1 0 1 0 0 0 0 0 0 0 0 0 0 0 0 1 1 0
 0 1 0 0 0 1 1 0 0 0 0 0 1 0 0 1 0 1 0 0 1 1 1 0 1 0 1 1 0 0 0 0 0 0 1 1 0 0 0 0 0 0 0 0 0 0 1 0 0 0 0 1 0 0 0 1 0 1 0 1 0 1 0 0 0 0 1 1 1 1 1 1 1 1 1 0 1 0 0 1 0 1 1 1 1 1 1 1 1 0 1 1 1 1 0 0 0 1 0 1 0 1 1 0 0 1 0 1 0 0 0 1 0 0 1 1 1 1 1 1 0 1 0
 1 0 0 0 0 1 1 0 0 0 0 0 0 0 0 0 0 1 1 0 1 1 1 0 1 0 1 1 1 0 0 0 1 1 1 0 0 0 0 1 1 0 0 0 1 1 0 0 0 0 1 1 1 1 1 1 0 1 0 1 0 0 1 0 0 1 0 0 1 1 1 1 1 1 1 0 1 0 0 1 1 1 1 1 1 1 1 1 1 1 1 1 0 0 1 0 0 0 1 1 1 1 1 1 1 1 1 1 0 0 1 1 1 1 1 1 1 1 1 1 0 0 1
 0 0 0 0 0 1 1 1 0 0 0 1 0 1 1 0 0 1 1 0 1 1 1 0 1 0 1 1 0 0 0 0 0 1 1 0 0 0 0 0 0 0 0 0 0 1 0 0 0 0 0 1 0 1 0 1 0 0 0 0 0 0 0 1 0 1 0 0 1 1 1 1 1 0 1 0 1 0 0 1 1 1 1 1 1 1 1 0 1 0 1 1 1 0 0 0 0 0 1 0 1 1 0 0 0 0 0 1 0 0 1 1 0 1 1 1 1 1 1 1 1 0 1
 0 1 0 0 1 0 0 0 0 1 0 1 0 0 0 0 0 1 1 0 1 0 0 0 1 1 1 1 0 1 0 1 0 0 1 1 0 0 1 1 0 1 0 0 0 0 1 0 1 0 1 1 0 0 0 1 0 0 1 1 0 0 0 1 1 0 0 1 0 1 1 1 0 0 1 0 1 0 0 1 0 0 1 0 1 1 0 0 1 1 1 0 0 0 0 1 0 0 1 1 1 0 1 0 0 0 1 1 1 1 1 1 0 1 1 1 1 1 1 1 1 1 1
 1 1 0 0 0 1 1 0 0 1 1 1 0 0 0 0 0 0 1 0 1 1 0 0 1 0 0 1 1 0 0 0 1 1 1 1 0 0 1 0 1 0 0 0 1 0 1 0 0 0 0 1 1 1 1 1 1 1 1 0 1 0 1 1 0 1 1 0 1 0 1 1 0 1 1 0 0 0 1 1 0 0 0 0 0 1 1 0 1 0 0 0 1 0 0 0 0 1 1 1 0 1 1 1 1 1 1 1 0 0 1 0 1 1 0 0 1 0 0 0 0 0 0
 0 1 0 0 0 0 0 1 0 0 0 1 0 1 1 0 0 0 0 0 1 0 0 0 1 0 0 1 0 1 1 0 1 1 1 1 0 0 1 1 0 1 1 0 1 1 1 0 0 1 1 1 0 1 0 1 1 0 1 1 0 0 1 0 0 1 1 1 1 0 0 0 1 1 1 0 0 0 1 1 1 0 1 0 1 0 1 1 1 1 1 1 0 0 0 1 0 1 1 1 1 1 1 0 1 1 1 1 1 1 1 1 0 1 1 1 1 1 1 1 0 1 0
 1 0 0 0 0 0 0 0 0 1 1 0 1 0 0 1 0 0 0 0 1 0 1 0 1 0 0 1 1 0 1 1 1 0 1 0 0 1 0 1 1 0 1 1 1 0 0 0 1 0 1 1 1 1 1 1 0 1 1 1 0 0 0 1 0 1 0 1 1 1 0 1 1 1 1 0 1 0 0 1 1 1 0 1 1 0 1 0 0 1 1 1 1 0 1 0 0 0 0 1 1 1 1 1 1 0 1 0 1 1 0 0 1 1 0 0 1 0 0 1 1 1 1
 1 0 0 0 0 0 1 0 0 0 0 0 0 0 0 0 0 1 0 0 1 0 1 0 1 0 0 1 1 0 0 0 0 0 1 1 0 0 0 0 1 0 0 0 0 0 1 0 0 0 0 1 1 0 1 1 0 1 0 1 0 0 1 1 1 0 0 0 0 0 0 0 0 0 1 1 1 0 0 1 1 1 1 1 1 1 1 1 1 1 0 1 0 1 0 0 0 0 1 1 1 1 1 1 1 1 1 1 0 0 1 0 1 0 0 0 1 0 0 1 1 1 1
 1 1 0 0 0 1 1 1 0 0 0 0 1 1 1 1 0 1 1 0 1 1 1 0 1 0 0 1 1 0 0 0 0 0 1 0 0 0 0 0 1 1 1 0 1 1 0 1 0 0 0 1 1 0 1 1 1 0 0 1 0 1 1 1 0 0 0 0 0 0 0 0 0 1 1 1 1 0 0 1 1 1 1 1 1 1 1 1 1 1 0 1 0 1 1 1 0 0 1 1 1 1 1 1 1 1 1 1 0 0 0 1 1 1 1 1 1 1 1 1 0 0 0
 1 0 0 0 0 1 0 1 0 1 1 0 0 1 1 0 0 0 0 0 1 1 1 0 1 0 0 1 1 1 0 1 0 1 1 0 1 1 0 1 1 0 1 0 0 1 0 1 0 0 1 1 1 0 1 1 1 0 1 1 0 0 0 1 0 0 1 1 0 0 0 1 0 0 1 0 1 0 0 1 0 1 1 1 0 0 0 1 0 1 1 1 1 1 1 1 0 1 0 0 1 1 0 1 0 1 1 0 1 1 1 1 1 1 1 1 1 1 1 0 1 0 1
 0 0 1 0 0 1 0 0 0 1 1 0 0 0 0 0 0 0 1 0 1 1 1 0 1 0 1 1 0 0 0 0 0 0 1 1 0 0 0 0 0 0 0 0 0 0 1 0 0 0 0 1 0 0 0 1 0 0 1 0 1 0 1 1 0 1 0 0 0 0 0 0 0 1 1 0 0 0 1 1 1 1 1 1 1 1 1 1 1 1 1 1 1 1 1 1 0 0 1 1 1 1 1 1 1 1 1 1 1 1 1 1 0 0 1 1 1 1 1 0 1 0 1
 0 0 0 0 0 0 0 0 0 0 1 0 1 0 0 1 1 1 1 0 0 0 0 0 0 0 0 1 0 0 0 0 0 0 1 1 0 0 0 0 0 0 0 0 0 0 1 0 0 0 0 1 0 1 0 1 1 0 1 1 0 0 0 1 0 0 0 1 1 1 0 1 1 1 1 0 1 1 0 1 0 0 0 0 0 1 0 0 0 0 1 0 0 0 1 1 0 0 0 1 0 0 0 0 1 0 1 0 1 1 0 1 0 0 1 1 0 1 1 0 0 0 0
 1 0 0 0 0 0 1 0 0 1 0 0 1 0 0 1 0 0 1 0 1 0 1 0 1 0 0 1 1 1 0 0 1 1 0 0 1 1 0 1 1 0 1 1 0 0 0 1 0 1 1 1 1 1 1 1 1 0 0 1 1 0 1 1 0 1 1 0 0 1 0 1 0 0 0 1 0 0 0 1 0 1 1 0 0 1 0 0 1 0 0 0 0 0 1 0 0 0 0 0 0 1 1 0 0 1 0 0 0 0 0 0 1 1 0 0 0 0 0 1 1 0 1
 1 1 0 0 0 0 1 1 0 1 0 0 1 1 1 1 0 0 1 0 1 0 1 0 1 0 0 1 1 0 0 0 0 0 1 1 0 0 0 0 1 0 0 0 0 0 1 0 0 0 0 1 1 1 1 1 1 0 0 1 0 1 0 1 1 0 1 0 0 1 0 1 1 1 1 0 0 1 1 1 0 1 1 0 1 0 1 0 0 1 1 1 0 1 0 0 0 0 1 1 0 0 1 1 0 1 1 1 0 0 0 1 1 0 1 1 0 1 1 1 0 0 0
 0 0 0 1 0 0 1 0 0 0 1 0 1 0 0 1 0 0 1 1 0 0 1 1 0 0 0 1 0 0 1 0 0 0 0 1 1 1 1 0 0 0 0 0 1 1 1 0 1 0 1 1 0 0 0 1 1 0 1 0 0 1 0 1 1 1 1 0 0 1 0 1 1 1 0 0 1 0 0 1 0 1 0 1 1 0 1 0 0 1 1 1 1 1 1 1 0 1 0 1 1 1 0 1 1 0 0 0 0 0 0 0 0 1 0 0 1 0 0 0 0 1 0
 0 0 0 0 0 1 1 1 0 1 0 0 0 1 1 0 0 0 0 0 0 1 0 0 0 0 1 1 0 0 0 0 0 0 1 1 0 0 0 0 0 0 0 0 0 0 1 0 0 0 0 1 0 0 0 1 1 0 0 1 1 0 1 0 1 1 0 1 1 0 1 0 1 1 1 0 1 0 0 1 0 0 0 1 0 1 1 0 0 1 1 1 0 1 1 0 0 1 0 1 0 1 0 0 0 1 1 1 0 0 1 1 0 0 1 1 0 1 1 0 0 0 0
 1 1 0 0 0 1 1 0 0 0 1 1 1 0 0 1 0 1 0 0 0 1 0 0 0 0 0 1 1 0 0 0 0 0 1 1 0 0 0 0 1 0 0 0 0 0 1 0 0 0 0 1 1 0 1 1 1 0 0 1 0 1 1 1 1 1 0 0 0 0 0 0 0 1 1 0 0 1 1 1 1 1 1 1 1 1 1 1 1 1 1 1 0 0 0 1 0 0 1 1 1 1 1 1 1 1 1 1 0 0 0 1 1 0 1 1 0 1 1 1 0 1 0
 1 1 0 0 0 0 1 1 0 0 1 0 0 1 1 0 0 0 0 0 1 0 1 0 1 0 0 0 1 0 0 0 0 0 0 1 0 0 0 0 0 0 0 0 0 0 1 0 0 0 0 0 1 0 1 0 0 0 1 0 0 0 1 1 1 1 1 0 0 0 1 1 1 1 0 0 1 1 0 0 0 1 1 1 0 1 1 0 0 0 0 0 1 1 0 1 0 0 0 1 0 0 0 1 1 1 1 1 0 0 1 1 1 0 1 1 0 1 1 1 0 0 0
 0 1 0 0 0 0 0 1 0 1 0 1 0 1 1 0 0 1 0 0 1 0 0 0 1 0 0 1 0 0 0 0 0 0 1 1 0 0 0 0 0 0 0 0 0 0 1 0 0 0 0 1 0 0 0 1 1 0 1 0 0 1 1 1 1 1 1 0 0 0 1 0 0 1 1 0 0 1 0 1 0 0 0 1 0 1 0 1 0 1 1 1 0 0 0 0 0 0 1 1 0 1 1 1 0 1 1 0 1 1 1 0 0 0 0 0 0 0 0 1 1 0 1
 0 1 0 0 0 0 1 0 0 1 1 0 0 0 0 0 0 0 0 0 1 0 1 0 1 0 0 0 0 1 0 0 1 1 0 1 0 0 1 1 0 1 0 0 1 1 1 0 0 1 1 1 0 1 0 1 0 1 0 0 1 0 0 1 1 0 0 1 1 1 0 1 1 1 0 0 0 0 0 0 0 1 1 0 0 0 0 0 0 1 0 1 0 1 1 1 0 1 1 0 0 1 0 1 1 0 0 1 0 0 1 0 0 1 0 0 1 0 0 1 0 0 0
 0 1 0 0 0 1 1 1 0 1 0 0 1 1 1 1 0 0 0 0 0 1 0 0 0 0 0 1 0 0 0 0 0 0 1 1 0 0 0 0 0 0 0 0 0 0 1 0 0 0 0 1 0 0 0 1 0 0 0 0 0 0 0 0 0 0 0 0 0 0 0 0 0 0 1 0 1 0 1 1 1 1 1 1 1 1 1 1 1 1 1 1 0 0 1 0 0 0 1 1 1 1 1 1 1 1 1 1 0 0 0 1 0 0 1 1 0 1 1 0 0 0 1
 0 0 0 0 0 0 1 1 0 0 0 0 1 1 1 1 0 0 1 0 0 0 0 0 0 0 0 1 0 0 0 0 0 0 1 1 0 0 0 0 0 0 0 0 0 0 1 0 0 0 0 1 0 1 0 1 1 0 0 0 1 0 0 0 1 0 0 0 1 0 0 0 1 0 1 0 0 1 1 1 0 0 0 0 1 1 0 1 0 0 1 1 1 1 1 0 0 1 0 0 0 0 0 1 1 1 1 1 0 0 0 1 0 0 1 1 0 1 1 0 1 0 1
 0 1 0 0 0 1 1 1 0 1 1 0 0 1 1 0 0 1 0 0 0 1 0 0 0 0 0 1 0 1 1 0 0 0 0 1 1 0 1 1 0 1 0 1 1 1 0 0 0 0 1 0 0 1 0 0 0 1 0 1 1 0 1 1 1 1 1 1 0 1 1 0 0 1 0 0 1 0 1 0 0 0 0 0 0 0 0 0 1 0 1 1 1 1 0 0 0 0 1 0 0 0 1 0 0 1 1 0 0 0 1 0 0 1 0 0 1 0 0 1 1 1 1
 1 1 0 0 0 1 0 1 0 0 1 1 0 1 1 0 0 0 1 0 1 1 0 0 1 0 0 1 1 0 0 0 0 0 1 1 0 0 0 0 1 0 0 0 0 0 1 0 0 0 0 1 1 0 1 1 1 1 1 0 1 0 0 0 1 1 1 1 0 0 1 1 0 0 1 0 1 1 0 1 1 0 1 1 0 0 0 0 0 0 1 1 0 0 0 1 0 0 1 1 0 0 1 1 0 0 1 1 1 1 1 0 1 0 0 0 0 0 0 1 1 1 1
 0 1 0 0 0 1 0 1 0 0 1 0 0 1 1 0 0 1 0 0 1 1 0 0 1 0 1 1 0 0 0 1 1 0 1 1 1 1 1 1 0 0 0 1 1 0 1 1 1 1 1 1 0 0 0 1 1 0 1 1 0 0 1 1 1 0 1 1 0 0 1 1 1 0 1 0 1 0 0 1 0 0 1 0 0 0 0 0 0 0 0 0 1 1 1 0 0 1 0 1 0 0 1 1 0 0 0 1 1 1 1 1 0 1 1 1 0 1 1 1 1 1 0
 0 0 0 0 0 1 1 1 0 0 1 0 0 1 1 0 0 1 1 0 1 1 1 0 1 0 0 1 0 0 1 0 1 0 1 1 0 1 0 0 0 0 0 0 1 1 0 1 0 1 1 1 0 0 0 1 1 0 1 0 1 0 1 0 0 1 0 1 0 0 0 0 1 1 0 0 0 0 1 0 0 1 1 0 1 1 0 1 0 0 1 1 0 1 1 0 0 0 1 1 0 1 0 1 1 1 0 1 0 0 1 0 0 1 0 0 0 0 0 1 1 0 1
 1 0 0 0 0 1 0 0 0 0 1 0 1 0 0 1 0 1 1 0 1 1 1 0 1 0 0 1 1 0 0 0 0 0 1 1 0 0 0 0 1 0 0 0 0 0 1 0 0 0 0 1 1 1 1 1 1 0 1 1 1 1 0 1 1 0 1 0 0 0 1 1 0 0 1 1 0 0 0 1 0 1 0 0 1 1 1 1 0 1 1 1 0 0 1 0 0 1 0 1 0 0 0 0 1 0 0 1 1 1 0 0 1 0 0 0 1 0 0 1 1 1 1
 1 1 0 0 0 1 0 0 0 0 1 0 1 0 0 1 0 0 1 0 1 1 0 0 1 0 0 1 1 0 0 1 0 0 1 0 1 1 1 0 1 0 0 1 0 0 0 1 1 1 0 1 1 1 1 1 0 1 1 0 0 1 1 1 1 0 1 1 0 1 1 0 1 1 1 1 0 0 1 1 1 0 0 0 1 0 0 1 0 0 1 1 0 1 0 1 0 0 1 0 0 1 1 0 0 0 0 1 1 1 0 1 1 1 1 1 0 1 1 0 0 0 0
 0 1 0 0 0 0 0 0 0 0 0 0 0 0 0 0 0 1 1 0 1 0 0 0 1 0 0 1 0 0 0 0 0 0 1 1 0 0 0 0 0 0 0 0 0 0 1 0 0 0 0 1 0 1 0 1 1 1 1 1 0 1 0 1 1 0 1 1 0 1 0 1 1 0 1 0 1 1 0 1 1 0 1 1 1 0 0 0 1 0 1 1 0 0 1 0 0 1 0 0 0 0 1 0 1 0 0 1 1 1 1 0 0 0 0 0 0 0 0 0 1 1 1
 1 1 0 0 0 0 0 1 0 0 0 1 1 1 1 1 0 1 1 0 1 0 0 0 1 0 0 1 1 0 0 0 0 0 1 1 0 0 0 0 1 0 0 0 0 0 1 0 0 0 0 1 1 1 1 1 1 1 1 1 0 0 0 0 0 1 0 1 0 0 1 1 0 0 1 1 1 0 0 1 0 1 0 0 0 0 1 1 0 0 1 0 0 0 0 0 1 1 0 0 0 0 1 1 1 1 1 0 1 1 0 0 1 0 0 0 1 0 0 0 0 0 0
 1 1 0 0 0 1 0 1 0 0 1 0 0 1 1 0 0 0 1 0 1 1 0 0 1 0 1 1 1 0 0 0 0 0 1 1 0 0 0 0 1 0 0 0 0 0 1 0 0 0 0 1 1 1 1 1 1 1 0 1 0 0 1 1 1 1 0 1 0 1 0 1 0 0 1 0 1 0 1 1 0 0 1 0 1 0 1 0 1 1 1 1 0 1 1 0 0 1 0 0 1 0 1 1 0 0 0 0 1 1 1 1 1 0 1 1 1 1 1 0 0 0 0
 1 1 0 0 0 0 1 0 0 0 1 1 1 0 0 1 0 0 1 0 1 0 0 0 1 0 0 0 0 0 0 0 0 0 0 0 0 0 0 0 0 0 1 0 0 0 0 1 0 0 0 1 1 1 1 1 1 1 1 0 1 1 1 0 1 0 1 0 1 1 1 0 1 0 0 1 0 0 0 1 1 1 1 1 1 1 1 1 1 1 0 0 0 0 0 0 0 1 1 1 1 1 1 1 1 1 1 1 0 0 0 1 1 1 1 1 0 1 1 1 1 1 1
 1 1 0 0 0 1 0 0 0 0 1 0 0 0 0 0 0 0 0 0 1 1 1 0 1 0 0 1 1 0 0 0 0 0 1 1 0 0 0 0 1 0 0 0 0 0 1 0 0 0 0 1 1 0 1 1 1 1 0 1 1 0 0 1 0 1 1 1 1 0 1 0 1 0 1 1 0 0 0 1 0 1 0 1 0 1 0 1 1 1 1 1 0 0 1 1 0 0 0 1 0 0 1 0 1 0 0 0 1 1 1 1 1 0 1 1 1 1 1 1 1 1 0
 1 0 0 0 0 1 1 0 0 1 0 1 1 0 0 1 0 1 0 0 1 1 1 0 1 0 0 1 1 1 1 0 1 0 1 1 0 1 1 0 1 1 1 0 1 0 1 0 1 1 0 1 1 0 1 1 1 0 0 1 0 0 0 1 1 0 0 1 0 0 0 1 1 0 1 0 1 0 1 1 1 1 0 1 0 0 1 0 0 1 1 0 0 0 0 0 0 1 0 1 0 0 1 0 0 1 0 1 0 0 0 0 1 1 0 0 1 0 0 0 1 1 1
 1 0 0 0 0 1 0 0 0 0 1 1 1 0 0 1 0 1 0 0 1 1 1 0 1 0 0 1 1 0 0 0 0 0 1 1 0 0 0 0 1 0 0 0 0 0 1 0 0 0 0 1 1 1 1 1 0 0 1 0 0 1 1 0 0 0 1 1 1 0 1 1 0 1 1 1 0 0 0 1 1 1 0 1 1 0 0 1 1 1 1 1 1 0 0 1 0 0 0 1 1 1 0 1 1 1 0 0 1 1 0 0 1 0 0 0 1 0 0 0 0 0 0
 0 0 0 0 0 1 1 0 0 0 0 1 1 0 0 1 0 1 1 0 1 1 1 0 1 0 1 1 0 0 0 0 0 0 1 1 0 0 0 0 0 0 0 0 0 0 1 0 0 0 0 1 0 0 0 1 1 0 1 0 0 0 0 0 1 0 0 1 0 1 1 0 0 1 1 0 0 0 0 1 0 1 1 0 1 0 0 1 1 0 0 1 0 0 0 1 0 1 1 1 1 0 0 0 0 0 0 1 0 0 0 1 0 0 1 1 0 1 1 1 0 1 0
 1 0 0 0 0 1 0 1 0 0 1 1 1 1 1 1 0 1 0 0 1 1 1 0 1 0 0 1 1 0 0 0 0 0 1 1 0 0 0 0 1 0 0 0 0 0 1 0 0 0 0 1 1 0 1 1 1 0 0 0 0 1 1 0 1 1 0 0 0 1 1 0 1 1 1 1 1 0 0 1 1 1 0 1 1 1 1 1 1 1 0 1 0 0 0 1 0 1 0 1 1 1 1 0 0 1 0 0 1 1 0 0 1 0 0 0 1 0 0 0 0 0 0
 0 0 0 0 0 0 1 0 0 1 0 0 0 0 0 0 0 1 0 0 1 0 1 0 1 0 1 1 0 0 0 0 0 0 1 1 0 0 0 0 0 0 0 0 0 0 1 0 0 0 0 1 0 1 0 1 0 1 1 1 1 0 0 1 0 1 1 1 1 0 0 1 0 1 1 0 1 0 0 1 1 1 1 1 0 0 1 0 0 0 1 1 0 1 0 0 0 0 1 0 1 0 0 1 1 1 1 1 0 0 1 1 0 0 1 1 0 1 1 1 0 1 1
 0 0 0 0 0 0 0 1 0 1 0 1 1 1 1 1 0 1 1 0 1 0 0 0 1 0 0 1 0 0 0 0 0 0 1 1 0 0 0 0 0 0 0 0 0 0 1 0 0 0 0 1 0 0 0 1 0 0 1 0 0 0 1 0 1 0 1 0 0 0 1 0 1 0 1 0 1 1 0 1 0 1 0 0 0 0 1 0 0 1 0 0 0 0 0 1 0 0 1 1 0 1 1 1 0 1 0 1 1 1 0 1 0 0 1 1 0 1 1 0 0 0 0
 0 1 0 0 0 1 0 0 0 0 1 0 0 0 0 0 0 0 0 0 1 1 1 0 1 0 0 1 0 0 0 0 0 0 0 1 0 0 0 0 0 0 0 0 0 0 1 0 0 0 0 1 0 0 0 1 0 0 1 0 1 1 0 1 0 1 1 1 0 0 1 0 0 1 0 0 1 1 0 0 0 1 0 0 1 1 0 1 1 0 1 0 0 0 1 1 0 1 1 1 0 1 0 0 1 0 1 0 1 1 1 0 0 0 0 0 0 0 0 1 0 1 0
 0 0 0 0 0 0 0 0 0 1 0 0 0 0 0 0 0 1 0 0 1 0 1 0 1 0 0 1 0 0 0 0 0 0 1 1 0 0 0 0 0 0 0 0 0 0 1 0 0 0 0 1 0 0 0 1 1 1 1 0 1 1 0 1 0 0 1 0 1 0 0 0 0 1 1 0 0 0 0 1 0 1 0 0 1 1 0 0 0 0 1 1 1 0 1 1 0 0 1 1 0 1 0 1 1 1 1 0 1 1 1 1 0 0 1 1 0 1 1 0 0 0 1
 0 1 0 0 0 1 0 0 0 1 1 1 0 0 0 0 0 0 0 0 1 1 0 0 1 0 0 1 0 1 1 0 1 0 1 1 1 1 0 1 0 1 1 0 1 0 1 1 1 0 1 1 0 0 0 1 1 0 0 1 1 1 1 1 1 1 1 0 1 1 1 0 1 0 1 0 1 0 0 1 0 1 0 1 0 0 0 1 0 1 0 0 0 0 0 1 0 1 0 1 0 0 1 1 1 0 1 1 1 1 1 0 0 1 0 0 1 0 0 1 0 1 1
 1 0 0 0 0 0 1 1 0 1 0 0 1 1 1 1 0 1 0 0 1 0 1 0 1 0 1 1 1 1 1 0 1 0 1 0 1 1 1 1 1 0 0 1 1 0 0 0 1 0 0 1 1 0 1 1 1 1 0 1 1 0 1 1 0 1 1 1 1 0 1 0 1 0 1 1 1 0 0 1 1 1 0 0 0 1 0 1 0 1 1 1 1 0 1 0 0 0 0 1 0 1 0 0 0 0 0 0 0 0 0 1 1 1 1 1 1 1 1 1 0 1 0
 1 1 0 0 0 1 1 1 0 0 1 1 0 1 1 0 0 0 1 0 1 1 1 0 1 0 0 1 1 0 1 1 0 1 1 1 1 1 1 0 1 1 0 0 1 0 1 1 0 0 0 1 1 1 1 1 1 1 0 1 1 0 0 1 1 0 0 1 0 1 1 0 1 1 1 0 0 0 0 1 0 1 0 0 1 1 1 0 0 1 0 0 0 0 0 0 0 0 0 0 1 0 0 1 1 0 0 1 0 0 1 0 1 1 0 0 1 0 0 0 1 1 1
 0 1 0 0 0 1 0 1 0 1 0 1 0 1 1 0 0 0 0 0 1 1 0 0 1 0 0 0 0 1 0 0 0 1 0 0 1 0 1 0 0 0 1 1 0 1 1 0 0 1 1 1 0 0 0 1 1 1 0 0 0 1 0 1 0 1 0 0 0 0 0 0 0 0 0 0 0 0 0 1 0 0 1 1 1 0 1 0 1 0 0 0 0 0 0 0 1 1 0 1 1 1 1 1 1 1 1 1 1 1 1 0 0 1 0 0 1 0 0 0 0 0 0
 0 0 0 0 0 1 0 0 0 0 1 0 0 0 0 0 0 0 0 0 1 1 1 0 1 0 1 1 0 0 0 0 0 0 1 1 0 0 0 0 0 0 0 0 0 0 1 0 0 0 0 1 0 0 0 1 1 0 0 0 0 0 1 0 1 1 0 0 0 0 1 0 1 1 1 0 1 0 0 1 0 1 1 1 1 1 0 1 0 0 1 1 1 0 1 0 0 1 1 1 0 0 0 0 1 0 1 0 1 1 1 1 0 0 1 1 1 1 1 1 1 1 1
 0 0 0 0 0 1 0 0 0 1 0 0 1 0 0 1 0 1 1 0 1 1 0 0 1 0 1 1 0 0 0 0 0 0 1 1 0 0 0 0 0 0 0 0 0 0 1 0 0 0 0 1 0 1 0 1 1 0 1 1 0 1 0 0 0 1 1 0 0 0 1 1 0 1 1 0 1 0 0 1 0 0 0 1 1 1 0 0 1 0 1 1 1 0 1 0 0 1 0 0 1 0 0 0 0 0 0 0 1 1 0 1 0 0 1 1 1 1 1 1 0 1 0
 1 1 0 0 0 1 1 0 0 0 1 0 0 0 0 0 1 1 0 0 0 1 0 0 0 0 0 1 1 0 1 0 1 1 1 1 0 1 0 1 1 0 1 0 1 1 1 0 1 0 0 1 1 1 1 1 0 0 1 1 0 0 1 1 0 0 1 0 0 1 0 0 0 0 1 0 0 1 1 1 1 0 0 1 1 0 1 1 1 0 1 0 0 1 0 0 0 0 1 1 0 0 1 1 0 0 1 1 0 0 1 1 1 1 1 1 0 1 1 0 0 0 0
 0 1 0 0 0 0 0 0 0 0 0 0 0 0 0 0 0 0 1 0 1 0 1 0 1 0 0 1 0 0 0 1 0 0 1 1 1 1 1 0 0 0 0 1 1 1 1 1 0 1 0 1 0 0 0 1 0 0 1 0 0 1 1 0 0 1 0 0 1 0 0 0 1 1 1 0 0 0 0 1 1 1 0 1 1 0 0 1 1 0 1 1 0 1 0 0 0 0 0 0 0 0 1 1 1 0 1 1 1 1 1 0 0 1 0 0 0 0 0 0 0 0 0
 1 1 0 0 0 1 1 0 0 0 0 0 1 0 0 1 0 0 0 0 1 1 1 0 1 0 1 1 1 0 0 0 0 0 1 1 0 0 0 0 1 0 0 0 0 0 1 0 0 0 0 1 1 0 1 1 1 0 0 0 0 1 1 0 1 1 0 1 0 0 0 1 0 1 1 0 1 0 0 1 0 1 1 0 1 1 1 0 1 0 1 1 0 0 1 0 0 1 0 0 1 0 0 0 0 0 1 0 0 0 0 1 1 0 1 1 1 1 1 0 0 0 0
 0 0 0 0 0 1 0 1 0 1 0 0 0 1 1 0 0 1 0 0 1 1 1 0 1 0 1 1 0 0 0 0 0 0 1 1 0 0 0 0 0 0 0 0 0 0 1 0 0 0 0 1 0 0 0 1 0 0 0 0 0 0 0 0 0 0 0 0 0 0 0 0 0 0 1 0 0 0 0 1 1 1 1 1 1 1 1 1 1 1 1 0 0 0 1 0 0 0 1 1 1 1 1 1 1 1 1 1 1 1 1 1 0 1 1 1 1 1 1 0 0 0 0
 1 0 0 0 0 0 1 0 0 0 1 0 0 0 0 0 0 0 1 0 1 0 1 0 1 0 0 1 1 0 0 0 0 0 1 1 0 0 0 0 1 0 0 0 0 0 1 0 0 0 0 1 1 0 1 1 0 0 0 0 1 1 1 1 1 1 1 0 1 0 1 0 1 0 1 0 0 0 0 1 0 1 0 1 0 1 0 1 0 1 1 0 0 0 1 1 0 1 1 1 0 1 0 0 0 0 0 1 0 0 1 0 1 0 0 0 1 0 0 0 1 0 1
 0 0 0 0 0 1 0 0 0 0 0 0 1 0 0 1 0 0 1 0 1 1 1 0 1 0 0 1 0 0 0 0 0 0 1 1 0 0 0 0 0 1 1 0 0 1 0 0 1 1 0 1 0 1 0 1 0 0 0 0 0 0 0 0 0 0 1 1 0 0 1 1 1 0 1 0 0 0 0 1 1 1 1 1 1 1 1 1 1 1 1 1 0 1 0 0 0 0 1 1 1 1 1 1 1 1 1 1 1 1 0 0 0 1 0 0 1 0 0 0 1 0 1
 1 1 0 0 0 0 1 1 0 0 0 1 1 1 1 1 0 1 0 0 1 0 1 0 1 0 1 1 1 1 0 0 1 1 1 1 0 1 1 0 1 1 0 0 1 1 1 0 1 1 0 1 1 1 1 1 0 1 1 0 0 1 0 1 1 0 1 0 0 1 0 1 1 0 1 0 0 0 0 1 1 1 1 0 0 1 1 0 1 1 1 0 0 0 0 0 0 0 1 0 0 1 1 0 1 0 0 1 0 0 0 1 1 1 1 1 1 1 1 1 0 0 0
 0 0 0 0 0 0 0 1 0 0 1 1 1 1 1 1 0 1 1 0 1 0 1 0 1 0 1 1 0 0 1 0 0 1 1 0 1 1 1 1 0 0 1 0 0 1 0 1 0 1 1 1 0 1 0 1 1 1 0 0 1 0 1 0 1 1 0 0 1 0 1 1 1 1 1 0 1 0 0 1 0 0 1 1 0 1 0 0 0 1 1 0 0 0 0 0 0 1 1 1 1 1 0 1 0 1 0 1 1 1 0 1 0 1 1 1 1 1 1 0 1 0 0
 0 0 0 0 0 0 1 1 0 1 0 1 0 1 1 0 0 1 0 0 1 0 1 0 1 0 0 1 0 0 0 0 0 0 1 1 0 0 0 0 0 0 0 0 0 0 1 0 0 0 0 1 0 1 0 1 0 1 0 0 1 0 0 0 0 0 0 0 1 0 0 0 0 0 1 0 1 0 0 1 1 1 1 1 1 0 1 0 0 1 1 1 0 0 0 0 0 0 1 0 0 0 0 1 0 1 1 1 0 0 1 1 0 0 1 1 1 1 1 0 0 0 0
 0 0 0 0 0 0 1 0 0 0 1 1 0 0 0 0 1 0 0 0 1 0 1 0 1 0 0 0 0 1 1 0 1 0 0 1 1 0 0 1 0 0 0 0 0 0 1 0 0 0 0 1 0 0 0 1 0 0 0 0 0 0 0 0 0 0 0 1 0 0 1 1 1 1 0 0 1 0 0 1 1 1 1 1 1 1 1 1 1 1 0 1 1 0 0 1 0 1 1 1 1 1 1 1 1 1 1 1 0 0 1 0 0 1 0 0 1 0 0 0 0 0 0
 1 0 0 0 0 1 0 1 0 1 1 0 0 1 1 0 0 1 1 0 0 1 0 0 0 0 0 1 1 0 0 0 0 0 1 1 0 0 0 0 1 0 0 0 0 0 1 0 0 0 0 1 1 1 1 1 0 1 0 0 1 1 1 1 0 1 1 1 0 0 0 0 0 1 1 1 0 1 1 1 0 0 0 0 1 1 1 1 1 0 1 1 1 0 1 1 0 1 1 0 1 1 0 0 0 0 1 0 1 1 1 1 1 0 1 1 0 1 1 1 1 1 1
 0 1 0 0 0 0 0 1 0 0 0 0 0 1 1 0 0 1 0 0 1 0 1 0 1 0 0 1 0 0 0 0 0 0 1 1 0 0 0 0 0 0 0 0 0 0 1 0 0 0 0 1 0 1 0 1 1 1 0 1 1 1 0 0 0 0 0 0 0 1 0 0 1 0 1 0 1 0 0 1 0 1 0 1 1 1 0 1 1 0 1 1 1 0 1 1 0 0 0 0 1 0 0 0 1 1 1 1 1 1 1 0 0 0 0 0 1 0 0 1 0 1 1
 0 1 0 0 0 0 0 1 0 0 1 0 0 1 1 0 1 1 0 0 1 0 1 0 1 0 0 0 0 0 0 0 0 0 0 1 0 0 0 0 0 0 0 0 0 0 1 0 0 0 0 0 0 0 0 0 0 0 1 1 0 1 1 0 1 0 1 1 0 0 0 0 0 1 0 0 1 1 0 1 1 1 0 0 1 0 0 1 0 1 1 0 1 1 0 1 0 0 0 0 0 0 1 1 0 0 1 1 1 1 1 0 0 0 0 0 0 0 0 0 1 0 0
 0 1 0 0 0 1 1 0 0 1 1 0 0 0 0 0 0 1 1 0 1 1 1 0 1 0 0 1 0 0 0 0 0 0 1 1 0 0 0 0 0 0 0 0 0 0 1 0 0 0 0 1 0 0 0 1 0 0 0 0 0 0 0 0 0 1 0 0 0 0 0 0 0 1 1 0 0 1 0 1 1 1 1 1 1 1 1 1 1 1 1 1 1 1 0 1 0 0 1 1 1 1 1 1 1 1 1 1 0 0 1 0 0 0 0 0 0 0 0 1 0 1 0
 0 0 0 0 0 0 0 0 0 0 1 0 1 0 0 1 0 1 0 0 1 0 0 0 1 0 1 1 0 0 0 0 1 1 1 0 0 1 0 1 0 0 1 0 1 1 1 1 0 0 0 1 0 1 0 1 1 1 0 0 1 0 0 0 1 1 0 0 1 0 0 0 1 1 1 0 1 1 0 1 1 0 0 1 1 1 0 1 0 0 1 1 1 0 1 1 0 1 0 0 1 1 0 1 1 1 0 0 1 1 0 1 0 1 1 1 0 1 1 1 0 0 1
 0 1 0 0 0 1 1 1 0 0 0 0 0 1 1 0 0 0 0 0 1 1 1 0 1 0 0 1 0 0 0 0 0 0 1 1 0 0 0 0 0 0 0 0 0 0 1 0 0 0 0 1 0 1 0 1 0 0 0 1 0 1 1 1 0 1 0 1 0 0 1 1 0 1 1 0 1 1 0 1 1 1 1 0 1 0 0 0 1 0 1 0 1 0 1 1 0 1 0 1 0 0 1 0 0 1 1 0 0 0 1 0 0 0 0 0 0 0 0 1 1 1 1
 1 0 0 0 0 0 0 1 0 0 1 0 1 1 1 1 0 0 1 0 1 0 1 0 1 0 0 1 1 0 0 0 0 0 1 1 0 0 0 0 1 0 0 0 0 0 1 0 0 0 0 1 1 0 1 1 0 0 0 0 0 0 0 0 0 1 0 0 0 0 0 0 0 1 1 1 0 0 0 1 1 1 1 1 1 1 1 1 1 1 1 1 1 1 0 0 0 0 1 1 1 1 1 1 1 1 1 1 1 1 0 0 1 0 0 0 1 0 0 1 0 1 0
