
1387
	0	1	1	6	1
	0	1	2	6	7
	0	1	3	6	13
	0	1	4	6	19
	0	1	5	6	25
	0	1	6	6	31
	0	1	7	6	37
	0	1	8	6	43
	0	1	9	6	49
	0	1	10	6	55
	0	1	11	6	61
	0	1	12	6	67
	0	1	13	6	73
	0	1	14	6	79
	0	1	15	6	85
	0	1	16	6	91
	0	1	17	6	97
	0	1	18	6	103
	0	1	19	6	109
	0	1	20	6	115
	0	1	21	6	121
	0	1	22	6	127
	0	1	23	6	133
	0	1	24	6	139
	0	1	25	6	145
	0	1	26	6	151
	0	1	27	6	157
	0	1	28	6	163
	0	1	29	6	169
	0	1	30	6	175
	0	1	31	6	181
	0	1	32	6	187
	0	1	33	1	306
	0	1	34	1	309
	0	1	35	1	312
	0	1	36	1	315
	0	1	37	1	318
	0	1	38	1	321
	0	1	39	1	324
	0	1	40	1	327
	0	1	41	8	193
	2	1	1356	1	74
	2	1	1357	1	75
	2	1	1358	1	76
	2	1	1359	1	77
	2	1	1360	1	78
	2	1	1361	1	79
	2	1	1362	1	80
	2	1	1363	1	81
	2	1	1364	1	82
	2	1	1365	1	83
	2	1	1366	1	84
	2	1	1367	1	85
	2	1	1368	1	86
	2	1	1369	1	87
	2	1	1370	1	88
	2	1	1371	1	89
	2	1	1372	1	90
	2	1	1373	1	91
	2	1	1374	1	92
	2	1	1375	1	93
	2	1	1376	1	94
	2	1	1377	1	95
	2	1	1378	1	96
	2	1	1379	1	97
	2	1	1380	1	98
	2	1	1381	1	99
	2	1	1382	1	100
	2	1	1383	1	101
	2	1	1384	1	102
	2	1	1385	1	103
	2	1	1386	1	104
	2	1	1387	1	105
	4	1	42	0	0
	4	1	43	0	0
	4	1	44	0	0
	4	1	45	0	0
	4	1	46	0	0
	4	1	47	0	0
	4	1	48	0	0
	4	1	49	0	0
	4	1	50	0	0
	4	1	51	0	0
	4	1	52	0	0
	4	1	53	0	0
	4	1	54	0	0
	4	1	55	0	0
	4	1	56	0	0
	4	1	57	0	0
	4	1	58	0	0
	4	1	59	0	0
	4	1	60	0	0
	4	1	61	0	0
	4	1	62	0	0
	4	1	63	0	0
	4	1	64	0	0
	4	1	65	0	0
	4	1	66	0	0
	4	1	67	0	0
	4	1	68	0	0
	4	1	69	0	0
	4	1	70	0	0
	4	1	71	0	0
	4	1	72	0	0
	4	1	73	0	0
	3	1	1	1	1196
	3	1	1	1	1292
	3	1	1	1	330
	3	1	1	1	426
	3	1	1	1	378
	3	1	1	1	458
	3	1	2	1	1199
	3	1	2	1	1294
	3	1	2	1	330
	3	1	2	1	427
	3	1	2	1	384
	3	1	2	1	462
	3	1	3	1	1202
	3	1	3	1	1296
	3	1	3	1	333
	3	1	3	1	428
	3	1	3	1	390
	3	1	3	1	466
	3	1	4	1	1205
	3	1	4	1	1298
	3	1	4	1	333
	3	1	4	1	429
	3	1	4	1	396
	3	1	4	1	470
	3	1	5	1	1208
	3	1	5	1	1300
	3	1	5	1	336
	3	1	5	1	430
	3	1	5	1	378
	3	1	5	1	459
	3	1	6	1	1211
	3	1	6	1	1302
	3	1	6	1	336
	3	1	6	1	431
	3	1	6	1	384
	3	1	6	1	463
	3	1	7	1	1214
	3	1	7	1	1304
	3	1	7	1	339
	3	1	7	1	432
	3	1	7	1	390
	3	1	7	1	467
	3	1	8	1	1217
	3	1	8	1	1306
	3	1	8	1	339
	3	1	8	1	433
	3	1	8	1	396
	3	1	8	1	471
	3	1	9	1	1220
	3	1	9	1	1308
	3	1	9	1	342
	3	1	9	1	434
	3	1	9	1	381
	3	1	9	1	460
	3	1	10	1	1223
	3	1	10	1	1310
	3	1	10	1	342
	3	1	10	1	435
	3	1	10	1	387
	3	1	10	1	464
	3	1	11	1	1226
	3	1	11	1	1312
	3	1	11	1	345
	3	1	11	1	436
	3	1	11	1	393
	3	1	11	1	468
	3	1	12	1	1229
	3	1	12	1	1314
	3	1	12	1	345
	3	1	12	1	437
	3	1	12	1	399
	3	1	12	1	472
	3	1	13	1	1232
	3	1	13	1	1316
	3	1	13	1	348
	3	1	13	1	438
	3	1	13	1	381
	3	1	13	1	461
	3	1	14	1	1235
	3	1	14	1	1318
	3	1	14	1	348
	3	1	14	1	439
	3	1	14	1	387
	3	1	14	1	465
	3	1	15	1	1238
	3	1	15	1	1320
	3	1	15	1	351
	3	1	15	1	440
	3	1	15	1	393
	3	1	15	1	469
	3	1	16	1	1241
	3	1	16	1	1322
	3	1	16	1	351
	3	1	16	1	441
	3	1	16	1	399
	3	1	16	1	473
	3	1	17	1	1244
	3	1	17	1	1324
	3	1	17	1	354
	3	1	17	1	442
	3	1	17	1	402
	3	1	17	1	474
	3	1	18	1	1247
	3	1	18	1	1326
	3	1	18	1	354
	3	1	18	1	443
	3	1	18	1	408
	3	1	18	1	478
	3	1	19	1	1250
	3	1	19	1	1328
	3	1	19	1	357
	3	1	19	1	444
	3	1	19	1	414
	3	1	19	1	482
	3	1	20	1	1253
	3	1	20	1	1330
	3	1	20	1	357
	3	1	20	1	445
	3	1	20	1	420
	3	1	20	1	486
	3	1	21	1	1256
	3	1	21	1	1332
	3	1	21	1	360
	3	1	21	1	446
	3	1	21	1	402
	3	1	21	1	475
	3	1	22	1	1259
	3	1	22	1	1334
	3	1	22	1	360
	3	1	22	1	447
	3	1	22	1	408
	3	1	22	1	479
	3	1	23	1	1262
	3	1	23	1	1336
	3	1	23	1	363
	3	1	23	1	448
	3	1	23	1	414
	3	1	23	1	483
	3	1	24	1	1265
	3	1	24	1	1338
	3	1	24	1	363
	3	1	24	1	449
	3	1	24	1	420
	3	1	24	1	487
	3	1	25	1	1268
	3	1	25	1	1340
	3	1	25	1	366
	3	1	25	1	450
	3	1	25	1	405
	3	1	25	1	476
	3	1	26	1	1271
	3	1	26	1	1342
	3	1	26	1	366
	3	1	26	1	451
	3	1	26	1	411
	3	1	26	1	480
	3	1	27	1	1274
	3	1	27	1	1344
	3	1	27	1	369
	3	1	27	1	452
	3	1	27	1	417
	3	1	27	1	484
	3	1	28	1	1277
	3	1	28	1	1346
	3	1	28	1	369
	3	1	28	1	453
	3	1	28	1	423
	3	1	28	1	488
	3	1	29	1	1280
	3	1	29	1	1348
	3	1	29	1	372
	3	1	29	1	454
	3	1	29	1	405
	3	1	29	1	477
	3	1	30	1	1283
	3	1	30	1	1350
	3	1	30	1	372
	3	1	30	1	455
	3	1	30	1	411
	3	1	30	1	481
	3	1	31	1	1286
	3	1	31	1	1352
	3	1	31	1	375
	3	1	31	1	456
	3	1	31	1	417
	3	1	31	1	485
	3	1	32	1	1289
	3	1	32	1	1354
	3	1	32	1	375
	3	1	32	1	457
	3	1	32	1	423
	3	1	32	1	489
	3	1	41	1	306
	3	1	41	1	309
	3	1	41	1	312
	3	1	41	1	315
	3	1	41	1	318
	3	1	41	1	321
	3	1	41	1	324
	3	1	41	1	327
	2	2	201	2	203
	3	1	306	1	794
	3	1	306	1	818
	2	2	205	2	207
	3	1	309	1	797
	3	1	309	1	820
	2	2	209	2	211
	3	1	312	1	800
	3	1	312	1	822
	2	2	213	2	215
	3	1	315	1	803
	3	1	315	1	824
	2	2	217	2	219
	3	1	318	1	806
	3	1	318	1	826
	2	2	221	2	223
	3	1	321	1	809
	3	1	321	1	828
	2	2	225	2	227
	3	1	324	1	812
	3	1	324	1	830
	2	2	229	2	231
	3	1	327	1	815
	3	1	327	1	832
	-1	2	233	2	235
	3	1	330	1	426
	3	1	330	1	427
	-1	2	237	2	239
	3	1	333	1	428
	3	1	333	1	429
	-1	2	241	2	243
	3	1	336	1	430
	3	1	336	1	431
	-1	2	245	2	247
	3	1	339	1	432
	3	1	339	1	433
	-1	2	249	2	251
	3	1	342	1	434
	3	1	342	1	435
	-1	2	253	2	255
	3	1	345	1	436
	3	1	345	1	437
	-1	2	257	2	259
	3	1	348	1	438
	3	1	348	1	439
	-1	2	261	2	263
	3	1	351	1	440
	3	1	351	1	441
	-1	2	265	2	267
	3	1	354	1	442
	3	1	354	1	443
	-1	2	269	2	271
	3	1	357	1	444
	3	1	357	1	445
	-1	2	273	2	275
	3	1	360	1	446
	3	1	360	1	447
	-1	2	277	2	279
	3	1	363	1	448
	3	1	363	1	449
	-1	2	281	2	283
	3	1	366	1	450
	3	1	366	1	451
	-1	2	285	2	287
	3	1	369	1	452
	3	1	369	1	453
	-1	2	289	2	291
	3	1	372	1	454
	3	1	372	1	455
	-1	2	293	2	295
	3	1	375	1	456
	3	1	375	1	457
	-1	2	297	2	299
	3	1	378	1	458
	3	1	378	1	459
	-1	2	301	2	303
	3	1	381	1	460
	3	1	381	1	461
	-1	2	305	2	307
	3	1	384	1	462
	3	1	384	1	463
	-1	2	309	2	311
	3	1	387	1	464
	3	1	387	1	465
	-1	2	313	2	315
	3	1	390	1	466
	3	1	390	1	467
	-1	2	317	2	319
	3	1	393	1	468
	3	1	393	1	469
	-1	2	321	2	323
	3	1	396	1	470
	3	1	396	1	471
	-1	2	325	2	327
	3	1	399	1	472
	3	1	399	1	473
	-1	2	329	2	331
	3	1	402	1	474
	3	1	402	1	475
	-1	2	333	2	335
	3	1	405	1	476
	3	1	405	1	477
	-1	2	337	2	339
	3	1	408	1	478
	3	1	408	1	479
	-1	2	341	2	343
	3	1	411	1	480
	3	1	411	1	481
	-1	2	345	2	347
	3	1	414	1	482
	3	1	414	1	483
	-1	2	349	2	351
	3	1	417	1	484
	3	1	417	1	485
	-1	2	353	2	355
	3	1	420	1	486
	3	1	420	1	487
	-1	2	357	2	359
	3	1	423	1	488
	3	1	423	1	489
	-1	2	361	1	490
	-1	2	363	1	490
	-1	2	365	1	493
	-1	2	367	1	493
	-1	2	369	1	496
	-1	2	371	1	496
	-1	2	373	1	499
	-1	2	375	1	499
	-1	2	377	1	502
	-1	2	379	1	502
	-1	2	381	1	505
	-1	2	383	1	505
	-1	2	385	1	508
	-1	2	387	1	508
	-1	2	389	1	511
	-1	2	391	1	511
	-1	2	393	1	514
	-1	2	395	1	514
	-1	2	397	1	517
	-1	2	399	1	517
	-1	2	401	1	520
	-1	2	403	1	520
	-1	2	405	1	523
	-1	2	407	1	523
	-1	2	409	1	526
	-1	2	411	1	526
	-1	2	413	1	529
	-1	2	415	1	529
	-1	2	417	1	532
	-1	2	419	1	532
	-1	2	421	1	535
	-1	2	423	1	535
	-1	2	425	1	538
	-1	2	427	1	538
	-1	2	429	1	541
	-1	2	431	1	541
	-1	2	433	1	544
	-1	2	435	1	544
	-1	2	437	1	547
	-1	2	439	1	547
	-1	2	441	1	550
	-1	2	443	1	550
	-1	2	445	1	553
	-1	2	447	1	553
	-1	2	449	1	556
	-1	2	451	1	556
	-1	2	453	1	559
	-1	2	455	1	559
	-1	2	457	1	562
	-1	2	459	1	562
	-1	2	461	1	565
	-1	2	463	1	565
	-1	2	465	1	568
	-1	2	467	1	568
	-1	2	469	1	571
	-1	2	471	1	571
	-1	2	473	1	574
	-1	2	475	1	574
	-1	2	477	1	577
	-1	2	479	1	577
	-1	2	481	1	580
	-1	2	483	1	580
	-1	2	485	1	583
	-1	2	487	1	583
	-1	2	489	2	491
	3	1	490	1	586
	3	1	490	1	634
	-1	2	493	2	495
	3	1	493	1	586
	3	1	493	1	635
	-1	2	497	2	499
	3	1	496	1	589
	3	1	496	1	636
	-1	2	501	2	503
	3	1	499	1	589
	3	1	499	1	637
	-1	2	505	2	507
	3	1	502	1	592
	3	1	502	1	638
	-1	2	509	2	511
	3	1	505	1	592
	3	1	505	1	639
	-1	2	513	2	515
	3	1	508	1	595
	3	1	508	1	640
	-1	2	517	2	519
	3	1	511	1	595
	3	1	511	1	641
	-1	2	521	2	523
	3	1	514	1	598
	3	1	514	1	642
	-1	2	525	2	527
	3	1	517	1	598
	3	1	517	1	643
	-1	2	529	2	531
	3	1	520	1	601
	3	1	520	1	644
	-1	2	533	2	535
	3	1	523	1	601
	3	1	523	1	645
	-1	2	537	2	539
	3	1	526	1	604
	3	1	526	1	646
	-1	2	541	2	543
	3	1	529	1	604
	3	1	529	1	647
	-1	2	545	2	547
	3	1	532	1	607
	3	1	532	1	648
	-1	2	549	2	551
	3	1	535	1	607
	3	1	535	1	649
	-1	2	553	2	555
	3	1	538	1	610
	3	1	538	1	650
	-1	2	557	2	559
	3	1	541	1	610
	3	1	541	1	651
	-1	2	561	2	563
	3	1	544	1	613
	3	1	544	1	652
	-1	2	565	2	567
	3	1	547	1	613
	3	1	547	1	653
	-1	2	569	2	571
	3	1	550	1	616
	3	1	550	1	654
	-1	2	573	2	575
	3	1	553	1	616
	3	1	553	1	655
	-1	2	577	2	579
	3	1	556	1	619
	3	1	556	1	656
	-1	2	581	2	583
	3	1	559	1	619
	3	1	559	1	657
	-1	2	585	2	587
	3	1	562	1	622
	3	1	562	1	658
	-1	2	589	2	591
	3	1	565	1	622
	3	1	565	1	659
	-1	2	593	2	595
	3	1	568	1	625
	3	1	568	1	660
	-1	2	597	2	599
	3	1	571	1	625
	3	1	571	1	661
	-1	2	601	2	603
	3	1	574	1	628
	3	1	574	1	662
	-1	2	605	2	607
	3	1	577	1	628
	3	1	577	1	663
	-1	2	609	2	611
	3	1	580	1	631
	3	1	580	1	664
	-1	2	613	2	615
	3	1	583	1	631
	3	1	583	1	665
	-1	2	617	2	619
	3	1	586	1	634
	3	1	586	1	635
	-1	2	621	2	623
	3	1	589	1	636
	3	1	589	1	637
	-1	2	625	2	627
	3	1	592	1	638
	3	1	592	1	639
	-1	2	629	2	631
	3	1	595	1	640
	3	1	595	1	641
	-1	2	633	2	635
	3	1	598	1	642
	3	1	598	1	643
	-1	2	637	2	639
	3	1	601	1	644
	3	1	601	1	645
	-1	2	641	2	643
	3	1	604	1	646
	3	1	604	1	647
	-1	2	645	2	647
	3	1	607	1	648
	3	1	607	1	649
	-1	2	649	2	651
	3	1	610	1	650
	3	1	610	1	651
	-1	2	653	2	655
	3	1	613	1	652
	3	1	613	1	653
	-1	2	657	2	659
	3	1	616	1	654
	3	1	616	1	655
	-1	2	661	2	663
	3	1	619	1	656
	3	1	619	1	657
	-1	2	665	2	667
	3	1	622	1	658
	3	1	622	1	659
	-1	2	669	2	671
	3	1	625	1	660
	3	1	625	1	661
	-1	2	673	2	675
	3	1	628	1	662
	3	1	628	1	663
	-1	2	677	2	679
	3	1	631	1	664
	3	1	631	1	665
	-1	2	681	1	666
	-1	2	683	1	666
	-1	2	685	1	671
	-1	2	687	1	671
	-1	2	689	1	676
	-1	2	691	1	676
	-1	2	693	1	681
	-1	2	695	1	681
	-1	2	697	1	686
	-1	2	699	1	686
	-1	2	701	1	691
	-1	2	703	1	691
	-1	2	705	1	696
	-1	2	707	1	696
	-1	2	709	1	701
	-1	2	711	1	701
	-1	2	713	1	706
	-1	2	715	1	706
	-1	2	717	1	709
	-1	2	719	1	709
	-1	2	721	1	712
	-1	2	723	1	712
	-1	2	725	1	715
	-1	2	727	1	715
	-1	2	729	1	718
	-1	2	731	1	718
	-1	2	733	1	721
	-1	2	735	1	721
	-1	2	737	1	724
	-1	2	739	1	724
	-1	2	741	1	727
	-1	2	743	1	727
	-1	2	745	4	747
	3	1	666	1	730
	3	1	666	1	754
	3	1	666	1	736
	3	1	666	1	758
	-1	2	751	4	753
	3	1	671	1	730
	3	1	671	1	755
	3	1	671	1	739
	3	1	671	1	760
	-1	2	757	4	759
	3	1	676	1	733
	3	1	676	1	756
	3	1	676	1	736
	3	1	676	1	759
	-1	2	763	4	765
	3	1	681	1	733
	3	1	681	1	757
	3	1	681	1	739
	3	1	681	1	761
	-1	2	769	4	771
	3	1	686	1	742
	3	1	686	1	762
	3	1	686	1	748
	3	1	686	1	766
	-1	2	775	4	777
	3	1	691	1	742
	3	1	691	1	763
	3	1	691	1	751
	3	1	691	1	768
	-1	2	781	4	783
	3	1	696	1	745
	3	1	696	1	764
	3	1	696	1	748
	3	1	696	1	767
	-1	2	787	4	789
	3	1	701	1	745
	3	1	701	1	765
	3	1	701	1	751
	3	1	701	1	769
	-1	2	793	2	795
	3	1	706	1	858
	3	1	706	1	882
	-1	2	797	2	799
	3	1	709	1	861
	3	1	709	1	884
	-1	2	801	2	803
	3	1	712	1	864
	3	1	712	1	886
	-1	2	805	2	807
	3	1	715	1	867
	3	1	715	1	888
	-1	2	809	2	811
	3	1	718	1	870
	3	1	718	1	890
	-1	2	813	2	815
	3	1	721	1	873
	3	1	721	1	892
	-1	2	817	2	819
	3	1	724	1	876
	3	1	724	1	894
	-1	2	821	2	823
	3	1	727	1	879
	3	1	727	1	896
	-1	2	825	2	827
	3	1	730	1	754
	3	1	730	1	755
	-1	2	829	2	831
	3	1	733	1	756
	3	1	733	1	757
	-1	2	833	2	835
	3	1	736	1	758
	3	1	736	1	759
	-1	2	837	2	839
	3	1	739	1	760
	3	1	739	1	761
	-1	2	841	2	843
	3	1	742	1	762
	3	1	742	1	763
	-1	2	845	2	847
	3	1	745	1	764
	3	1	745	1	765
	-1	2	849	2	851
	3	1	748	1	766
	3	1	748	1	767
	-1	2	853	2	855
	3	1	751	1	768
	3	1	751	1	769
	-1	2	857	1	770
	-1	2	859	1	770
	-1	2	861	1	773
	-1	2	863	1	773
	-1	2	865	1	776
	-1	2	867	1	776
	-1	2	869	1	779
	-1	2	871	1	779
	-1	2	873	1	782
	-1	2	875	1	782
	-1	2	877	1	785
	-1	2	879	1	785
	-1	2	881	1	788
	-1	2	883	1	788
	-1	2	885	1	791
	-1	2	887	1	791
	-1	2	889	2	891
	3	1	770	1	806
	3	1	770	1	827
	-1	2	893	2	895
	3	1	773	1	809
	3	1	773	1	829
	-1	2	897	2	899
	3	1	776	1	812
	3	1	776	1	831
	-1	2	901	2	903
	3	1	779	1	815
	3	1	779	1	833
	-1	2	905	2	907
	3	1	782	1	794
	3	1	782	1	819
	-1	2	909	2	911
	3	1	785	1	797
	3	1	785	1	821
	-1	2	913	2	915
	3	1	788	1	800
	3	1	788	1	823
	-1	2	917	2	919
	3	1	791	1	803
	3	1	791	1	825
	-1	2	921	2	923
	3	1	794	1	818
	3	1	794	1	819
	-1	2	925	2	927
	3	1	797	1	820
	3	1	797	1	821
	-1	2	929	2	931
	3	1	800	1	822
	3	1	800	1	823
	-1	2	933	2	935
	3	1	803	1	824
	3	1	803	1	825
	-1	2	937	2	939
	3	1	806	1	826
	3	1	806	1	827
	-1	2	941	2	943
	3	1	809	1	828
	3	1	809	1	829
	-1	2	945	2	947
	3	1	812	1	830
	3	1	812	1	831
	-1	2	949	2	951
	3	1	815	1	832
	3	1	815	1	833
	-1	2	953	1	834
	-1	2	955	1	834
	-1	2	957	1	837
	-1	2	959	1	837
	-1	2	961	1	840
	-1	2	963	1	840
	-1	2	965	1	843
	-1	2	967	1	843
	-1	2	969	1	846
	-1	2	971	1	846
	-1	2	973	1	849
	-1	2	975	1	849
	-1	2	977	1	852
	-1	2	979	1	852
	-1	2	981	1	855
	-1	2	983	1	855
	-1	2	985	2	987
	3	1	834	1	858
	3	1	834	1	883
	-1	2	989	2	991
	3	1	837	1	861
	3	1	837	1	885
	-1	2	993	2	995
	3	1	840	1	864
	3	1	840	1	887
	-1	2	997	2	999
	3	1	843	1	867
	3	1	843	1	889
	-1	2	1001	2	1003
	3	1	846	1	870
	3	1	846	1	891
	-1	2	1005	2	1007
	3	1	849	1	873
	3	1	849	1	893
	-1	2	1009	2	1011
	3	1	852	1	876
	3	1	852	1	895
	-1	2	1013	2	1015
	3	1	855	1	879
	3	1	855	1	897
	-1	2	1017	2	1019
	3	1	858	1	882
	3	1	858	1	883
	-1	2	1021	2	1023
	3	1	861	1	884
	3	1	861	1	885
	-1	2	1025	2	1027
	3	1	864	1	886
	3	1	864	1	887
	-1	2	1029	2	1031
	3	1	867	1	888
	3	1	867	1	889
	-1	2	1033	2	1035
	3	1	870	1	890
	3	1	870	1	891
	-1	2	1037	2	1039
	3	1	873	1	892
	3	1	873	1	893
	-1	2	1041	2	1043
	3	1	876	1	894
	3	1	876	1	895
	-1	2	1045	2	1047
	3	1	879	1	896
	3	1	879	1	897
	-1	2	1049	1	898
	-1	2	1051	1	898
	-1	2	1053	1	911
	-1	2	1055	1	911
	-1	2	1057	1	924
	-1	2	1059	1	924
	-1	2	1061	1	937
	-1	2	1063	1	937
	-1	2	1065	1	989
	-1	2	1067	1	989
	-1	2	1069	1	950
	-1	2	1071	1	950
	-1	2	1073	1	976
	-1	2	1075	1	976
	-1	2	1077	1	963
	-1	2	1079	1	963
	-1	2	1081	12	1083
	3	1	898	1	1002
	3	1	898	1	1005
	3	1	898	1	1008
	3	1	898	1	1038
	3	1	898	1	1040
	3	1	898	1	1045
	3	1	898	1	1080
	3	1	898	1	1085
	3	1	898	1	1100
	3	1	898	1	1112
	3	1	898	1	1124
	3	1	898	1	1136
	-1	2	1095	12	1097
	3	1	911	1	1003
	3	1	911	1	1006
	3	1	911	1	1011
	3	1	911	1	1034
	3	1	911	1	1036
	3	1	911	1	1044
	3	1	911	1	1090
	3	1	911	1	1095
	3	1	911	1	1103
	3	1	911	1	1115
	3	1	911	1	1127
	3	1	911	1	1139
	-1	2	1109	12	1111
	3	1	924	1	1004
	3	1	924	1	1009
	3	1	924	1	1012
	3	1	924	1	1037
	3	1	924	1	1041
	3	1	924	1	1043
	3	1	924	1	1080
	3	1	924	1	1090
	3	1	924	1	1106
	3	1	924	1	1118
	3	1	924	1	1130
	3	1	924	1	1142
	-1	2	1123	12	1125
	3	1	937	1	1007
	3	1	937	1	1010
	3	1	937	1	1013
	3	1	937	1	1035
	3	1	937	1	1039
	3	1	937	1	1042
	3	1	937	1	1085
	3	1	937	1	1095
	3	1	937	1	1109
	3	1	937	1	1121
	3	1	937	1	1133
	3	1	937	1	1145
	-1	2	1137	12	1139
	3	1	950	1	1014
	3	1	950	1	1016
	3	1	950	1	1023
	3	1	950	1	1026
	3	1	950	1	1031
	3	1	950	1	1048
	3	1	950	1	1070
	3	1	950	1	1075
	3	1	950	1	1151
	3	1	950	1	1163
	3	1	950	1	1175
	3	1	950	1	1187
	-1	2	1151	12	1153
	3	1	963	1	1015
	3	1	963	1	1019
	3	1	963	1	1027
	3	1	963	1	1030
	3	1	963	1	1033
	3	1	963	1	1046
	3	1	963	1	1065
	3	1	963	1	1075
	3	1	963	1	1157
	3	1	963	1	1169
	3	1	963	1	1181
	3	1	963	1	1193
	-1	2	1165	12	1167
	3	1	976	1	1017
	3	1	976	1	1021
	3	1	976	1	1024
	3	1	976	1	1029
	3	1	976	1	1032
	3	1	976	1	1047
	3	1	976	1	1060
	3	1	976	1	1070
	3	1	976	1	1154
	3	1	976	1	1166
	3	1	976	1	1178
	3	1	976	1	1190
	-1	2	1179	12	1181
	3	1	989	1	1018
	3	1	989	1	1020
	3	1	989	1	1022
	3	1	989	1	1025
	3	1	989	1	1028
	3	1	989	1	1049
	3	1	989	1	1060
	3	1	989	1	1065
	3	1	989	1	1148
	3	1	989	1	1160
	3	1	989	1	1172
	3	1	989	1	1184
	-3	1	899	1	1042
	-3	1	912	1	1042
	-3	1	925	1	1042
	-3	1	900	1	1043
	-3	1	913	1	1043
	-3	1	938	1	1043
	-3	1	901	1	1044
	-3	1	926	1	1044
	-3	1	939	1	1044
	-3	1	914	1	1045
	-3	1	927	1	1045
	-3	1	940	1	1045
	-3	1	951	1	1060
	-3	1	964	1	1060
	-3	1	952	1	1065
	-3	1	977	1	1065
	-3	1	990	1	1070
	-3	1	965	1	1070
	-3	1	991	1	1075
	-3	1	978	1	1075
	-3	1	992	1	1046
	-3	1	953	1	1046
	-3	1	979	1	1046
	-3	1	993	1	1047
	-3	1	954	1	1047
	-3	1	966	1	1047
	-3	1	994	1	1048
	-3	1	980	1	1048
	-3	1	967	1	1048
	-3	1	955	1	1049
	-3	1	981	1	1049
	-3	1	968	1	1049
	-3	1	915	1	1080
	-3	1	941	1	1080
	-3	1	916	1	1085
	-3	1	928	1	1085
	-3	1	902	1	1090
	-3	1	942	1	1090
	-3	1	903	1	1095
	-3	1	929	1	1095
	2	4	1193	1	1050
	2	4	1197	1	1050
	2	4	1201	1	1050
	2	4	1205	1	1050
	2	4	1209	1	1055
	2	4	1213	1	1055
	2	4	1217	1	1055
	2	4	1221	1	1055
	1	4	1225	4	1229
	3	1	1050	1	1060
	3	1	1050	1	1065
	3	1	1050	1	1070
	3	1	1050	1	1075
	1	4	1233	4	1237
	3	1	1055	1	1080
	3	1	1055	1	1085
	3	1	1055	1	1090
	3	1	1055	1	1095
	2	5	1241	4	1246
	3	1	1060	1	1100
	3	1	1060	1	1103
	3	1	1060	1	1106
	3	1	1060	1	1109
	2	5	1250	4	1255
	3	1	1065	1	1112
	3	1	1065	1	1115
	3	1	1065	1	1118
	3	1	1065	1	1121
	2	5	1259	4	1264
	3	1	1070	1	1124
	3	1	1070	1	1127
	3	1	1070	1	1130
	3	1	1070	1	1133
	2	5	1268	4	1273
	3	1	1075	1	1136
	3	1	1075	1	1139
	3	1	1075	1	1142
	3	1	1075	1	1145
	2	5	1277	4	1282
	3	1	1080	1	1148
	3	1	1080	1	1151
	3	1	1080	1	1154
	3	1	1080	1	1157
	2	5	1286	4	1291
	3	1	1085	1	1160
	3	1	1085	1	1163
	3	1	1085	1	1166
	3	1	1085	1	1169
	2	5	1295	4	1300
	3	1	1090	1	1172
	3	1	1090	1	1175
	3	1	1090	1	1178
	3	1	1090	1	1181
	2	5	1304	4	1309
	3	1	1095	1	1184
	3	1	1095	1	1187
	3	1	1095	1	1190
	3	1	1095	1	1193
	2	2	1313	2	1315
	3	1	1100	1	1196
	3	1	1100	1	1293
	2	2	1317	2	1319
	3	1	1103	1	1199
	3	1	1103	1	1295
	2	2	1321	2	1323
	3	1	1106	1	1202
	3	1	1106	1	1297
	2	2	1325	2	1327
	3	1	1109	1	1205
	3	1	1109	1	1299
	2	2	1329	2	1331
	3	1	1112	1	1208
	3	1	1112	1	1301
	2	2	1333	2	1335
	3	1	1115	1	1211
	3	1	1115	1	1303
	2	2	1337	2	1339
	3	1	1118	1	1214
	3	1	1118	1	1305
	2	2	1341	2	1343
	3	1	1121	1	1217
	3	1	1121	1	1307
	2	2	1345	2	1347
	3	1	1124	1	1220
	3	1	1124	1	1309
	2	2	1349	2	1351
	3	1	1127	1	1223
	3	1	1127	1	1311
	2	2	1353	2	1355
	3	1	1130	1	1226
	3	1	1130	1	1313
	2	2	1357	2	1359
	3	1	1133	1	1229
	3	1	1133	1	1315
	2	2	1361	2	1363
	3	1	1136	1	1232
	3	1	1136	1	1317
	2	2	1365	2	1367
	3	1	1139	1	1235
	3	1	1139	1	1319
	2	2	1369	2	1371
	3	1	1142	1	1238
	3	1	1142	1	1321
	2	2	1373	2	1375
	3	1	1145	1	1241
	3	1	1145	1	1323
	2	2	1377	2	1379
	3	1	1148	1	1244
	3	1	1148	1	1325
	2	2	1381	2	1383
	3	1	1151	1	1247
	3	1	1151	1	1327
	2	2	1385	2	1387
	3	1	1154	1	1250
	3	1	1154	1	1329
	2	2	1389	2	1391
	3	1	1157	1	1253
	3	1	1157	1	1331
	2	2	1393	2	1395
	3	1	1160	1	1256
	3	1	1160	1	1333
	2	2	1397	2	1399
	3	1	1163	1	1259
	3	1	1163	1	1335
	2	2	1401	2	1403
	3	1	1166	1	1262
	3	1	1166	1	1337
	2	2	1405	2	1407
	3	1	1169	1	1265
	3	1	1169	1	1339
	2	2	1409	2	1411
	3	1	1172	1	1268
	3	1	1172	1	1341
	2	2	1413	2	1415
	3	1	1175	1	1271
	3	1	1175	1	1343
	2	2	1417	2	1419
	3	1	1178	1	1274
	3	1	1178	1	1345
	2	2	1421	2	1423
	3	1	1181	1	1277
	3	1	1181	1	1347
	2	2	1425	2	1427
	3	1	1184	1	1280
	3	1	1184	1	1349
	2	2	1429	2	1431
	3	1	1187	1	1283
	3	1	1187	1	1351
	2	2	1433	2	1435
	3	1	1190	1	1286
	3	1	1190	1	1353
	2	2	1437	2	1439
	3	1	1193	1	1289
	3	1	1193	1	1355
	-1	2	1441	2	1443
	3	1	1196	1	1292
	3	1	1196	1	1293
	-1	2	1445	2	1447
	3	1	1199	1	1294
	3	1	1199	1	1295
	-1	2	1449	2	1451
	3	1	1202	1	1296
	3	1	1202	1	1297
	-1	2	1453	2	1455
	3	1	1205	1	1298
	3	1	1205	1	1299
	-1	2	1457	2	1459
	3	1	1208	1	1300
	3	1	1208	1	1301
	-1	2	1461	2	1463
	3	1	1211	1	1302
	3	1	1211	1	1303
	-1	2	1465	2	1467
	3	1	1214	1	1304
	3	1	1214	1	1305
	-1	2	1469	2	1471
	3	1	1217	1	1306
	3	1	1217	1	1307
	-1	2	1473	2	1475
	3	1	1220	1	1308
	3	1	1220	1	1309
	-1	2	1477	2	1479
	3	1	1223	1	1310
	3	1	1223	1	1311
	-1	2	1481	2	1483
	3	1	1226	1	1312
	3	1	1226	1	1313
	-1	2	1485	2	1487
	3	1	1229	1	1314
	3	1	1229	1	1315
	-1	2	1489	2	1491
	3	1	1232	1	1316
	3	1	1232	1	1317
	-1	2	1493	2	1495
	3	1	1235	1	1318
	3	1	1235	1	1319
	-1	2	1497	2	1499
	3	1	1238	1	1320
	3	1	1238	1	1321
	-1	2	1501	2	1503
	3	1	1241	1	1322
	3	1	1241	1	1323
	-1	2	1505	2	1507
	3	1	1244	1	1324
	3	1	1244	1	1325
	-1	2	1509	2	1511
	3	1	1247	1	1326
	3	1	1247	1	1327
	-1	2	1513	2	1515
	3	1	1250	1	1328
	3	1	1250	1	1329
	-1	2	1517	2	1519
	3	1	1253	1	1330
	3	1	1253	1	1331
	-1	2	1521	2	1523
	3	1	1256	1	1332
	3	1	1256	1	1333
	-1	2	1525	2	1527
	3	1	1259	1	1334
	3	1	1259	1	1335
	-1	2	1529	2	1531
	3	1	1262	1	1336
	3	1	1262	1	1337
	-1	2	1533	2	1535
	3	1	1265	1	1338
	3	1	1265	1	1339
	-1	2	1537	2	1539
	3	1	1268	1	1340
	3	1	1268	1	1341
	-1	2	1541	2	1543
	3	1	1271	1	1342
	3	1	1271	1	1343
	-1	2	1545	2	1547
	3	1	1274	1	1344
	3	1	1274	1	1345
	-1	2	1549	2	1551
	3	1	1277	1	1346
	3	1	1277	1	1347
	-1	2	1553	2	1555
	3	1	1280	1	1348
	3	1	1280	1	1349
	-1	2	1557	2	1559
	3	1	1283	1	1350
	3	1	1283	1	1351
	-1	2	1561	2	1563
	3	1	1286	1	1352
	3	1	1286	1	1353
	-1	2	1565	2	1567
	3	1	1289	1	1354
	3	1	1289	1	1355
	-1	2	1569	1	1356
	-1	2	1571	1	1356
	-1	2	1573	1	1357
	-1	2	1575	1	1357
	-1	2	1577	1	1358
	-1	2	1579	1	1358
	-1	2	1581	1	1359
	-1	2	1583	1	1359
	-1	2	1585	1	1360
	-1	2	1587	1	1360
	-1	2	1589	1	1361
	-1	2	1591	1	1361
	-1	2	1593	1	1362
	-1	2	1595	1	1362
	-1	2	1597	1	1363
	-1	2	1599	1	1363
	-1	2	1601	1	1364
	-1	2	1603	1	1364
	-1	2	1605	1	1365
	-1	2	1607	1	1365
	-1	2	1609	1	1366
	-1	2	1611	1	1366
	-1	2	1613	1	1367
	-1	2	1615	1	1367
	-1	2	1617	1	1368
	-1	2	1619	1	1368
	-1	2	1621	1	1369
	-1	2	1623	1	1369
	-1	2	1625	1	1370
	-1	2	1627	1	1370
	-1	2	1629	1	1371
	-1	2	1631	1	1371
	-1	2	1633	1	1372
	-1	2	1635	1	1372
	-1	2	1637	1	1373
	-1	2	1639	1	1373
	-1	2	1641	1	1374
	-1	2	1643	1	1374
	-1	2	1645	1	1375
	-1	2	1647	1	1375
	-1	2	1649	1	1376
	-1	2	1651	1	1376
	-1	2	1653	1	1377
	-1	2	1655	1	1377
	-1	2	1657	1	1378
	-1	2	1659	1	1378
	-1	2	1661	1	1379
	-1	2	1663	1	1379
	-1	2	1665	1	1380
	-1	2	1667	1	1380
	-1	2	1669	1	1381
	-1	2	1671	1	1381
	-1	2	1673	1	1382
	-1	2	1675	1	1382
	-1	2	1677	1	1383
	-1	2	1679	1	1383
	-1	2	1681	1	1384
	-1	2	1683	1	1384
	-1	2	1685	1	1385
	-1	2	1687	1	1385
	-1	2	1689	1	1386
	-1	2	1691	1	1386
	-1	2	1693	1	1387
	-1	2	1695	1	1387
	-1	2	1697	1	42
	-1	2	1699	1	43
	-1	2	1701	1	44
	-1	2	1703	1	45
	-1	2	1705	1	46
	-1	2	1707	1	47
	-1	2	1709	1	48
	-1	2	1711	1	49
	-1	2	1713	1	50
	-1	2	1715	1	51
	-1	2	1717	1	52
	-1	2	1719	1	53
	-1	2	1721	1	54
	-1	2	1723	1	55
	-1	2	1725	1	56
	-1	2	1727	1	57
	-1	2	1729	1	58
	-1	2	1731	1	59
	-1	2	1733	1	60
	-1	2	1735	1	61
	-1	2	1737	1	62
	-1	2	1739	1	63
	-1	2	1741	1	64
	-1	2	1743	1	65
	-1	2	1745	1	66
	-1	2	1747	1	67
	-1	2	1749	1	68
	-1	2	1751	1	69
	-1	2	1753	1	70
	-1	2	1755	1	71
	-1	2	1757	1	72
	-1	2	1759	1	73

1760
	106
	107
	108
	109
	110
	111
	112
	113
	114
	115
	116
	117
	118
	119
	120
	121
	122
	123
	124
	125
	126
	127
	128
	129
	130
	131
	132
	133
	134
	135
	136
	137
	138
	139
	140
	141
	142
	143
	144
	145
	146
	147
	148
	149
	150
	151
	152
	153
	154
	155
	156
	157
	158
	159
	160
	161
	162
	163
	164
	165
	166
	167
	168
	169
	170
	171
	172
	173
	174
	175
	176
	177
	178
	179
	180
	181
	182
	183
	184
	185
	186
	187
	188
	189
	190
	191
	192
	193
	194
	195
	196
	197
	198
	199
	200
	201
	202
	203
	204
	205
	206
	207
	208
	209
	210
	211
	212
	213
	214
	215
	216
	217
	218
	219
	220
	221
	222
	223
	224
	225
	226
	227
	228
	229
	230
	231
	232
	233
	234
	235
	236
	237
	238
	239
	240
	241
	242
	243
	244
	245
	246
	247
	248
	249
	250
	251
	252
	253
	254
	255
	256
	257
	258
	259
	260
	261
	262
	263
	264
	265
	266
	267
	268
	269
	270
	271
	272
	273
	274
	275
	276
	277
	278
	279
	280
	281
	282
	283
	284
	285
	286
	287
	288
	289
	290
	291
	292
	293
	294
	295
	296
	297
	298
	299
	300
	301
	302
	303
	304
	305
	33
	298
	307
	308
	34
	299
	310
	311
	35
	300
	313
	314
	36
	301
	316
	317
	37
	302
	319
	320
	38
	303
	322
	323
	39
	304
	325
	326
	40
	305
	328
	329
	108
	114
	331
	332
	120
	126
	334
	335
	132
	138
	337
	338
	144
	150
	340
	341
	156
	162
	343
	344
	168
	174
	346
	347
	180
	186
	349
	350
	192
	198
	352
	353
	204
	210
	355
	356
	216
	222
	358
	359
	228
	234
	361
	362
	240
	246
	364
	365
	252
	258
	367
	368
	264
	270
	370
	371
	276
	282
	373
	374
	288
	294
	376
	377
	110
	134
	379
	380
	158
	182
	382
	383
	116
	140
	385
	386
	164
	188
	388
	389
	122
	146
	391
	392
	170
	194
	394
	395
	128
	152
	397
	398
	176
	200
	400
	401
	206
	230
	403
	404
	254
	278
	406
	407
	212
	236
	409
	410
	260
	284
	412
	413
	218
	242
	415
	416
	266
	290
	418
	419
	224
	248
	421
	422
	272
	296
	424
	425
	109
	331
	115
	332
	121
	334
	127
	335
	133
	337
	139
	338
	145
	340
	151
	341
	157
	343
	163
	344
	169
	346
	175
	347
	181
	349
	187
	350
	193
	352
	199
	353
	205
	355
	211
	356
	217
	358
	223
	359
	229
	361
	235
	362
	241
	364
	247
	365
	253
	367
	259
	368
	265
	370
	271
	371
	277
	373
	283
	374
	289
	376
	295
	377
	111
	379
	135
	380
	159
	382
	183
	383
	117
	385
	141
	386
	165
	388
	189
	389
	123
	391
	147
	392
	171
	394
	195
	395
	129
	397
	153
	398
	177
	400
	201
	401
	207
	403
	231
	404
	255
	406
	279
	407
	213
	409
	237
	410
	261
	412
	285
	413
	219
	415
	243
	416
	267
	418
	291
	419
	225
	421
	249
	422
	273
	424
	297
	425
	426
	427
	491
	492
	428
	429
	494
	495
	430
	431
	497
	498
	432
	433
	500
	501
	434
	435
	503
	504
	436
	437
	506
	507
	438
	439
	509
	510
	440
	441
	512
	513
	442
	443
	515
	516
	444
	445
	518
	519
	446
	447
	521
	522
	448
	449
	524
	525
	450
	451
	527
	528
	452
	453
	530
	531
	454
	455
	533
	534
	456
	457
	536
	537
	458
	459
	539
	540
	460
	461
	542
	543
	462
	463
	545
	546
	464
	465
	548
	549
	466
	467
	551
	552
	468
	469
	554
	555
	470
	471
	557
	558
	472
	473
	560
	561
	474
	475
	563
	564
	476
	477
	566
	567
	478
	479
	569
	570
	480
	481
	572
	573
	482
	483
	575
	576
	484
	485
	578
	579
	486
	487
	581
	582
	488
	489
	584
	585
	491
	494
	587
	588
	497
	500
	590
	591
	503
	506
	593
	594
	509
	512
	596
	597
	515
	518
	599
	600
	521
	524
	602
	603
	527
	530
	605
	606
	533
	536
	608
	609
	539
	542
	611
	612
	545
	548
	614
	615
	551
	554
	617
	618
	557
	560
	620
	621
	563
	566
	623
	624
	569
	572
	626
	627
	575
	578
	629
	630
	581
	584
	632
	633
	492
	587
	495
	588
	498
	590
	501
	591
	504
	593
	507
	594
	510
	596
	513
	597
	516
	599
	519
	600
	522
	602
	525
	603
	528
	605
	531
	606
	534
	608
	537
	609
	540
	611
	543
	612
	546
	614
	549
	615
	552
	617
	555
	618
	558
	620
	561
	621
	564
	623
	567
	624
	570
	626
	573
	627
	576
	629
	579
	630
	582
	632
	585
	633
	634
	635
	667
	668
	669
	670
	636
	637
	672
	673
	674
	675
	638
	639
	677
	678
	679
	680
	640
	641
	682
	683
	684
	685
	642
	643
	687
	688
	689
	690
	644
	645
	692
	693
	694
	695
	646
	647
	697
	698
	699
	700
	648
	649
	702
	703
	704
	705
	650
	651
	707
	708
	652
	653
	710
	711
	654
	655
	713
	714
	656
	657
	716
	717
	658
	659
	719
	720
	660
	661
	722
	723
	662
	663
	725
	726
	664
	665
	728
	729
	667
	672
	731
	732
	677
	682
	734
	735
	669
	679
	737
	738
	674
	684
	740
	741
	687
	692
	743
	744
	697
	702
	746
	747
	689
	699
	749
	750
	694
	704
	752
	753
	668
	731
	673
	732
	678
	734
	683
	735
	670
	737
	680
	738
	675
	740
	685
	741
	688
	743
	693
	744
	698
	746
	703
	747
	690
	749
	700
	750
	695
	752
	705
	753
	754
	755
	771
	772
	756
	757
	774
	775
	758
	759
	777
	778
	760
	761
	780
	781
	762
	763
	783
	784
	764
	765
	786
	787
	766
	767
	789
	790
	768
	769
	792
	793
	307
	783
	795
	796
	310
	786
	798
	799
	313
	789
	801
	802
	316
	792
	804
	805
	319
	771
	807
	808
	322
	774
	810
	811
	325
	777
	813
	814
	328
	780
	816
	817
	308
	795
	784
	796
	311
	798
	787
	799
	314
	801
	790
	802
	317
	804
	793
	805
	320
	807
	772
	808
	323
	810
	775
	811
	326
	813
	778
	814
	329
	816
	781
	817
	818
	819
	835
	836
	820
	821
	838
	839
	822
	823
	841
	842
	824
	825
	844
	845
	826
	827
	847
	848
	828
	829
	850
	851
	830
	831
	853
	854
	832
	833
	856
	857
	707
	835
	859
	860
	710
	838
	862
	863
	713
	841
	865
	866
	716
	844
	868
	869
	719
	847
	871
	872
	722
	850
	874
	875
	725
	853
	877
	878
	728
	856
	880
	881
	708
	859
	836
	860
	711
	862
	839
	863
	714
	865
	842
	866
	717
	868
	845
	869
	720
	871
	848
	872
	723
	874
	851
	875
	726
	877
	854
	878
	729
	880
	857
	881
	882
	883
	899
	900
	901
	902
	903
	904
	905
	906
	907
	908
	909
	910
	884
	885
	912
	913
	914
	915
	916
	917
	918
	919
	920
	921
	922
	923
	886
	887
	925
	926
	927
	928
	929
	930
	931
	932
	933
	934
	935
	936
	888
	889
	938
	939
	940
	941
	942
	943
	944
	945
	946
	947
	948
	949
	892
	893
	951
	952
	953
	954
	955
	956
	957
	958
	959
	960
	961
	962
	896
	897
	964
	965
	966
	967
	968
	969
	970
	971
	972
	973
	974
	975
	894
	895
	977
	978
	979
	980
	981
	982
	983
	984
	985
	986
	987
	988
	890
	891
	990
	991
	992
	993
	994
	995
	996
	997
	998
	999
	1000
	1001
	1002
	1003
	1004
	943
	1005
	1006
	930
	1007
	1008
	917
	1009
	1010
	904
	1011
	1012
	1013
	1022
	1023
	1024
	969
	1025
	1026
	982
	1027
	1028
	956
	1029
	1030
	995
	1031
	1032
	1033
	1042
	1043
	1044
	1045
	1051
	1052
	1053
	1054
	1046
	1047
	1048
	1049
	1056
	1057
	1058
	1059
	996
	1014
	983
	1015
	1051
	1061
	1062
	1063
	1064
	997
	1016
	1017
	970
	1052
	1066
	1067
	1068
	1069
	1018
	957
	984
	1019
	1053
	1071
	1072
	1073
	1074
	1020
	958
	1021
	971
	1054
	1076
	1077
	1078
	1079
	905
	1034
	931
	1035
	1056
	1081
	1082
	1083
	1084
	906
	1036
	1037
	944
	1057
	1086
	1087
	1088
	1089
	1038
	918
	932
	1039
	1058
	1091
	1092
	1093
	1094
	1040
	919
	1041
	945
	1059
	1096
	1097
	1098
	1099
	907
	1061
	1101
	1102
	920
	1062
	1104
	1105
	933
	1063
	1107
	1108
	946
	1064
	1110
	1111
	908
	1066
	1113
	1114
	921
	1067
	1116
	1117
	934
	1068
	1119
	1120
	947
	1069
	1122
	1123
	909
	1071
	1125
	1126
	922
	1072
	1128
	1129
	935
	1073
	1131
	1132
	948
	1074
	1134
	1135
	910
	1076
	1137
	1138
	923
	1077
	1140
	1141
	936
	1078
	1143
	1144
	949
	1079
	1146
	1147
	998
	1081
	1149
	1150
	959
	1082
	1152
	1153
	985
	1083
	1155
	1156
	972
	1084
	1158
	1159
	999
	1086
	1161
	1162
	960
	1087
	1164
	1165
	986
	1088
	1167
	1168
	973
	1089
	1170
	1171
	1000
	1091
	1173
	1174
	961
	1092
	1176
	1177
	987
	1093
	1179
	1180
	974
	1094
	1182
	1183
	1001
	1096
	1185
	1186
	962
	1097
	1188
	1189
	988
	1098
	1191
	1192
	975
	1099
	1194
	1195
	106
	1101
	1197
	1198
	112
	1104
	1200
	1201
	118
	1107
	1203
	1204
	124
	1110
	1206
	1207
	130
	1113
	1209
	1210
	136
	1116
	1212
	1213
	142
	1119
	1215
	1216
	148
	1122
	1218
	1219
	154
	1125
	1221
	1222
	160
	1128
	1224
	1225
	166
	1131
	1227
	1228
	172
	1134
	1230
	1231
	178
	1137
	1233
	1234
	184
	1140
	1236
	1237
	190
	1143
	1239
	1240
	196
	1146
	1242
	1243
	202
	1149
	1245
	1246
	208
	1152
	1248
	1249
	214
	1155
	1251
	1252
	220
	1158
	1254
	1255
	226
	1161
	1257
	1258
	232
	1164
	1260
	1261
	238
	1167
	1263
	1264
	244
	1170
	1266
	1267
	250
	1173
	1269
	1270
	256
	1176
	1272
	1273
	262
	1179
	1275
	1276
	268
	1182
	1278
	1279
	274
	1185
	1281
	1282
	280
	1188
	1284
	1285
	286
	1191
	1287
	1288
	292
	1194
	1290
	1291
	107
	1197
	1102
	1198
	113
	1200
	1105
	1201
	119
	1203
	1108
	1204
	125
	1206
	1111
	1207
	131
	1209
	1114
	1210
	137
	1212
	1117
	1213
	143
	1215
	1120
	1216
	149
	1218
	1123
	1219
	155
	1221
	1126
	1222
	161
	1224
	1129
	1225
	167
	1227
	1132
	1228
	173
	1230
	1135
	1231
	179
	1233
	1138
	1234
	185
	1236
	1141
	1237
	191
	1239
	1144
	1240
	197
	1242
	1147
	1243
	203
	1245
	1150
	1246
	209
	1248
	1153
	1249
	215
	1251
	1156
	1252
	221
	1254
	1159
	1255
	227
	1257
	1162
	1258
	233
	1260
	1165
	1261
	239
	1263
	1168
	1264
	245
	1266
	1171
	1267
	251
	1269
	1174
	1270
	257
	1272
	1177
	1273
	263
	1275
	1180
	1276
	269
	1278
	1183
	1279
	275
	1281
	1186
	1282
	281
	1284
	1189
	1285
	287
	1287
	1192
	1288
	293
	1290
	1195
	1291
	1292
	1293
	1294
	1295
	1296
	1297
	1298
	1299
	1300
	1301
	1302
	1303
	1304
	1305
	1306
	1307
	1308
	1309
	1310
	1311
	1312
	1313
	1314
	1315
	1316
	1317
	1318
	1319
	1320
	1321
	1322
	1323
	1324
	1325
	1326
	1327
	1328
	1329
	1330
	1331
	1332
	1333
	1334
	1335
	1336
	1337
	1338
	1339
	1340
	1341
	1342
	1343
	1344
	1345
	1346
	1347
	1348
	1349
	1350
	1351
	1352
	1353
	1354
	1355

41
	1
	2
	3
	4
	5
	6
	7
	8
	9
	10
	11
	12
	13
	14
	15
	16
	17
	18
	19
	20
	21
	22
	23
	24
	25
	26
	27
	28
	29
	30
	31
	32
	33
	34
	35
	36
	37
	38
	39
	40
	41

32
	42
	43
	44
	45
	46
	47
	48
	49
	50
	51
	52
	53
	54
	55
	56
	57
	58
	59
	60
	61
	62
	63
	64
	65
	66
	67
	68
	69
	70
	71
	72
	73

0	0

0	0
