
1933
	0	1	1	2	1
	0	1	2	2	3
	0	1	3	2	5
	0	1	4	2	7
	0	1	5	2	9
	0	1	6	2	11
	0	1	7	2	13
	0	1	8	2	15
	0	1	9	2	17
	0	1	10	2	19
	0	1	11	2	21
	0	1	12	2	23
	0	1	13	2	25
	0	1	14	2	27
	0	1	15	2	29
	0	1	16	2	31
	0	1	17	3	33
	0	1	18	2	36
	0	1	19	3	38
	0	1	20	2	41
	0	1	21	2	43
	0	1	22	2	45
	0	1	23	2	47
	0	1	24	3	49
	0	1	25	2	52
	0	1	26	2	54
	0	1	27	2	56
	0	1	28	2	58
	0	1	29	2	60
	0	1	30	2	62
	0	1	31	4	64
	0	1	32	4	68
	0	1	33	7	72
	-1	2	1866	1	59
	-1	2	1868	1	60
	-1	2	1870	1	61
	-1	2	1872	1	62
	-1	2	1884	1	63
	-1	2	1894	1	64
	-1	2	1896	1	65
	-1	2	1906	1	66
	-1	2	1908	1	67
	-1	2	1910	1	68
	-1	2	1912	1	69
	-1	2	1914	1	70
	-1	2	1916	1	71
	-1	2	1918	1	72
	-1	2	1920	1	73
	-1	2	1922	1	74
	-2	2	1943	1	75
	2	2	2033	1	76
	2	2	2035	1	77
	2	2	2037	1	78
	2	2	2039	1	79
	2	2	2041	1	80
	-1	2	2043	1	81
	-1	2	2045	1	82
	2	2	2053	1	83
	4	1	34	0	0
	4	1	35	0	0
	4	1	36	0	0
	4	1	37	0	0
	4	1	38	0	0
	4	1	39	0	0
	4	1	40	0	0
	4	1	41	0	0
	4	1	42	0	0
	4	1	43	0	0
	4	1	44	0	0
	4	1	45	0	0
	4	1	46	0	0
	4	1	47	0	0
	4	1	48	0	0
	4	1	49	0	0
	4	1	50	0	0
	4	1	51	0	0
	4	1	52	0	0
	4	1	53	0	0
	4	1	54	0	0
	4	1	55	0	0
	4	1	56	0	0
	4	1	57	0	0
	4	1	58	0	0
	3	1	1	1	315
	3	1	1	1	162
	3	1	2	1	318
	3	1	2	1	166
	3	1	3	1	321
	3	1	3	1	169
	3	1	4	1	324
	3	1	4	1	173
	3	1	5	1	327
	3	1	5	1	178
	3	1	6	1	330
	3	1	6	1	181
	3	1	7	1	333
	3	1	7	1	184
	3	1	8	1	336
	3	1	8	1	188
	3	1	9	1	339
	3	1	9	1	192
	3	1	10	1	342
	3	1	10	1	197
	3	1	11	1	345
	3	1	11	1	201
	3	1	12	1	348
	3	1	12	1	204
	3	1	13	1	351
	3	1	13	1	207
	3	1	14	1	354
	3	1	14	1	211
	3	1	15	1	357
	3	1	15	1	215
	3	1	16	1	360
	3	1	16	1	219
	3	1	17	1	421
	3	1	17	1	594
	3	1	17	1	604
	3	1	18	1	553
	3	1	18	1	596
	3	1	19	1	472
	3	1	19	1	595
	3	1	19	1	607
	3	1	20	1	484
	3	1	20	1	600
	3	1	21	1	403
	3	1	21	1	223
	3	1	22	1	415
	3	1	22	1	224
	3	1	23	1	229
	3	1	23	1	232
	3	1	24	1	225
	3	1	24	1	432
	3	1	24	1	228
	3	1	25	1	1875
	3	1	25	1	235
	3	1	26	1	1889
	3	1	26	1	238
	3	1	27	1	1878
	3	1	27	1	241
	3	1	28	1	1881
	3	1	28	1	244
	3	1	29	1	223
	3	1	29	1	249
	3	1	30	1	224
	3	1	30	1	252
	3	1	31	1	255
	3	1	31	1	262
	3	1	31	1	269
	3	1	31	1	272
	3	1	32	1	1867
	3	1	32	1	275
	3	1	32	1	278
	3	1	32	1	285
	3	1	33	1	247
	3	1	33	1	248
	3	1	33	1	288
	3	1	33	1	291
	3	1	33	1	298
	3	1	33	1	303
	3	1	33	1	310
	-3	1	85	3	79
	3	1	162	1	385
	3	1	162	1	457
	3	1	162	1	460
	-3	1	87	2	82
	3	1	166	1	388
	3	1	166	1	463
	-3	1	89	3	84
	3	1	169	1	517
	3	1	169	1	520
	3	1	169	1	469
	-3	1	91	4	87
	3	1	173	1	445
	3	1	173	1	541
	3	1	173	1	544
	3	1	173	1	478
	-3	1	93	2	91
	3	1	178	1	391
	3	1	178	1	547
	-3	1	95	2	93
	3	1	181	1	394
	3	1	181	1	565
	-3	1	97	3	95
	3	1	184	1	523
	3	1	184	1	526
	3	1	184	1	577
	-3	1	99	3	98
	3	1	188	1	448
	3	1	188	1	550
	3	1	188	1	568
	-3	1	101	4	101
	3	1	192	1	406
	3	1	192	1	451
	3	1	192	1	559
	3	1	192	1	562
	-3	1	103	3	105
	3	1	197	1	397
	3	1	197	1	571
	3	1	197	1	580
	-3	1	105	2	108
	3	1	201	1	409
	3	1	201	1	466
	-3	1	107	2	110
	3	1	204	1	412
	3	1	204	1	475
	-3	1	109	3	112
	3	1	207	1	535
	3	1	207	1	538
	3	1	207	1	481
	-3	1	111	3	115
	3	1	211	1	418
	3	1	211	1	454
	3	1	211	1	427
	-3	1	113	3	118
	3	1	215	1	400
	3	1	215	1	556
	3	1	215	1	574
	-3	1	115	3	121
	3	1	219	1	529
	3	1	219	1	532
	3	1	219	1	424
	-1	2	124	1	511
	-1	2	126	1	514
	-3	1	132	2	128
	3	1	225	1	421
	3	1	225	1	553
	-3	1	134	1	441
	2	1	130	2	130
	3	1	229	1	472
	3	1	229	1	484
	2	1	131	2	132
	3	1	232	1	432
	3	1	232	1	437
	-3	1	136	2	134
	3	1	235	1	487
	3	1	235	1	490
	-3	1	138	2	136
	3	1	238	1	493
	3	1	238	1	496
	-3	1	140	2	138
	3	1	241	1	499
	3	1	241	1	502
	-3	1	142	2	140
	3	1	244	1	505
	3	1	244	1	508
	-3	1	155	1	1853
	-3	1	156	1	1856
	-3	1	144	2	142
	3	1	249	1	430
	3	1	249	1	618
	-3	1	146	2	144
	3	1	252	1	431
	3	1	252	1	619
	2	1	147	6	146
	3	1	255	1	1872
	3	1	255	1	1875
	3	1	255	1	1889
	3	1	255	1	1878
	3	1	255	1	1881
	3	1	255	1	1884
	-3	1	148	6	152
	3	1	262	1	1433
	3	1	262	1	1436
	3	1	262	1	1421
	3	1	262	1	1272
	3	1	262	1	1232
	3	1	262	1	1297
	2	1	149	2	158
	3	1	269	1	618
	3	1	269	1	619
	-3	1	150	2	160
	3	1	272	1	437
	3	1	272	1	441
	2	1	152	2	162
	3	1	275	1	623
	3	1	275	1	620
	-3	1	153	6	164
	3	1	278	1	379
	3	1	278	1	380
	3	1	278	1	381
	3	1	278	1	382
	3	1	278	1	383
	3	1	278	1	384
	-3	1	154	2	170
	3	1	285	1	1657
	3	1	285	1	1657
	2	1	157	2	172
	3	1	288	1	511
	3	1	288	1	514
	-3	1	158	6	174
	3	1	291	1	403
	3	1	291	1	415
	3	1	291	1	421
	3	1	291	1	553
	3	1	291	1	472
	3	1	291	1	484
	2	1	159	4	180
	3	1	298	1	430
	3	1	298	1	431
	3	1	298	1	618
	3	1	298	1	619
	2	1	160	6	184
	3	1	303	1	379
	3	1	303	1	380
	3	1	303	1	381
	3	1	303	1	382
	3	1	303	1	383
	3	1	303	1	384
	-3	1	161	4	190
	3	1	310	1	1657
	3	1	310	1	1867
	3	1	310	1	623
	3	1	310	1	620
	2	1	84	2	194
	3	1	315	1	1811
	3	1	315	1	363
	2	1	86	2	196
	3	1	318	1	1812
	3	1	318	1	364
	2	1	88	2	198
	3	1	321	1	1813
	3	1	321	1	365
	2	1	90	2	200
	3	1	324	1	1814
	3	1	324	1	366
	2	1	92	2	202
	3	1	327	1	1844
	3	1	327	1	367
	2	1	94	2	204
	3	1	330	1	1845
	3	1	330	1	368
	2	1	96	2	206
	3	1	333	1	1846
	3	1	333	1	369
	2	1	98	2	208
	3	1	336	1	1847
	3	1	336	1	370
	2	1	100	2	210
	3	1	339	1	1848
	3	1	339	1	371
	2	1	102	2	212
	3	1	342	1	1825
	3	1	342	1	372
	2	1	104	2	214
	3	1	345	1	1849
	3	1	345	1	373
	2	1	106	2	216
	3	1	348	1	1850
	3	1	348	1	374
	2	1	108	2	218
	3	1	351	1	1851
	3	1	351	1	375
	2	1	110	2	220
	3	1	354	1	1852
	3	1	354	1	376
	2	1	112	2	222
	3	1	357	1	1834
	3	1	357	1	377
	2	1	114	2	224
	3	1	360	1	1835
	3	1	360	1	378
	-3	1	317	1	1796
	-3	1	320	1	1798
	-3	1	323	1	1800
	-3	1	326	1	1802
	-3	1	329	1	1815
	-3	1	332	1	1817
	-3	1	335	1	1819
	-3	1	338	1	1821
	-3	1	341	1	1823
	-3	1	344	1	1804
	-3	1	347	1	1826
	-3	1	350	1	1828
	-3	1	353	1	1830
	-3	1	356	1	1832
	-3	1	359	1	1806
	-3	1	362	1	1808
	-1	2	226	1	51
	-1	2	228	1	52
	-1	2	230	1	58
	-1	2	232	1	53
	-1	2	234	1	54
	-1	2	236	1	55
	2	1	163	2	238
	3	1	385	1	632
	3	1	385	1	636
	2	1	167	2	240
	3	1	388	1	707
	3	1	388	1	710
	2	1	179	2	242
	3	1	391	1	640
	3	1	391	1	644
	2	1	182	2	244
	3	1	394	1	713
	3	1	394	1	716
	2	1	198	2	246
	3	1	397	1	648
	3	1	397	1	652
	2	1	216	2	248
	3	1	400	1	719
	3	1	400	1	722
	2	2	250	2	252
	3	1	403	1	656
	3	1	403	1	659
	2	1	193	2	254
	3	1	406	1	725
	3	1	406	1	728
	2	1	202	2	256
	3	1	409	1	662
	3	1	409	1	666
	2	1	205	2	258
	3	1	412	1	731
	3	1	412	1	734
	2	2	260	2	262
	3	1	415	1	670
	3	1	415	1	674
	2	1	212	2	264
	3	1	418	1	737
	3	1	418	1	740
	2	3	266	2	269
	3	1	421	1	678
	3	1	421	1	682
	2	1	222	2	271
	3	1	424	1	691
	3	1	424	1	695
	2	1	214	2	273
	3	1	427	1	743
	3	1	427	1	746
	-1	2	275	1	1352
	-1	2	277	1	1355
	-1	2	279	4	281
	3	1	432	1	618
	3	1	432	1	623
	3	1	432	1	620
	3	1	432	1	619
	-1	2	285	3	287
	3	1	437	1	595
	3	1	437	1	600
	3	1	437	1	607
	-1	2	290	3	292
	3	1	441	1	594
	3	1	441	1	596
	3	1	441	1	604
	2	1	174	2	295
	3	1	445	1	750
	3	1	445	1	585
	2	1	189	2	297
	3	1	448	1	749
	3	1	448	1	586
	2	1	194	2	299
	3	1	451	1	752
	3	1	451	1	587
	2	1	213	2	301
	3	1	454	1	751
	3	1	454	1	588
	2	1	164	2	303
	3	1	457	1	898
	3	1	457	1	681
	2	1	165	2	305
	3	1	460	1	884
	3	1	460	1	589
	2	1	168	2	307
	3	1	463	1	687
	3	1	463	1	967
	2	1	203	2	309
	3	1	466	1	690
	3	1	466	1	968
	2	1	172	2	311
	3	1	469	1	701
	3	1	469	1	969
	2	3	313	2	316
	3	1	472	1	1160
	3	1	472	1	590
	2	1	206	2	318
	3	1	475	1	704
	3	1	475	1	970
	2	1	177	2	320
	3	1	478	1	959
	3	1	478	1	591
	2	1	210	2	322
	3	1	481	1	754
	3	1	481	1	592
	2	3	324	2	327
	3	1	484	1	753
	3	1	484	1	593
	2	1	236	2	329
	3	1	487	1	1524
	3	1	487	1	611
	2	1	237	2	331
	3	1	490	1	1523
	3	1	490	1	610
	2	1	239	2	333
	3	1	493	1	1520
	3	1	493	1	613
	2	1	240	2	335
	3	1	496	1	1519
	3	1	496	1	612
	2	1	242	2	337
	3	1	499	1	1379
	3	1	499	1	615
	2	1	243	2	339
	3	1	502	1	1378
	3	1	502	1	614
	2	1	245	2	341
	3	1	505	1	1333
	3	1	505	1	617
	2	1	246	2	343
	3	1	508	1	1332
	3	1	508	1	616
	2	2	345	2	347
	3	1	511	1	1925
	3	1	511	1	583
	2	2	349	2	351
	3	1	514	1	1926
	3	1	514	1	584
	2	1	170	2	353
	3	1	517	1	885
	3	1	517	1	635
	2	1	171	2	355
	3	1	520	1	886
	3	1	520	1	639
	2	1	185	2	357
	3	1	523	1	887
	3	1	523	1	643
	2	1	186	2	359
	3	1	526	1	888
	3	1	526	1	647
	2	1	220	2	361
	3	1	529	1	889
	3	1	529	1	651
	2	1	221	2	363
	3	1	532	1	890
	3	1	532	1	655
	2	1	208	2	365
	3	1	535	1	891
	3	1	535	1	665
	2	1	209	2	367
	3	1	538	1	892
	3	1	538	1	669
	2	1	175	2	369
	3	1	541	1	893
	3	1	541	1	673
	2	1	176	2	371
	3	1	544	1	894
	3	1	544	1	677
	2	1	180	2	373
	3	1	547	1	756
	3	1	547	1	685
	2	1	190	2	375
	3	1	550	1	755
	3	1	550	1	686
	2	3	377	2	380
	3	1	553	1	758
	3	1	553	1	688
	2	1	217	2	382
	3	1	556	1	757
	3	1	556	1	689
	2	1	195	2	384
	3	1	559	1	899
	3	1	559	1	694
	2	1	196	2	386
	3	1	562	1	900
	3	1	562	1	698
	2	1	183	2	388
	3	1	565	1	760
	3	1	565	1	699
	2	1	191	2	390
	3	1	568	1	759
	3	1	568	1	700
	2	1	199	2	392
	3	1	571	1	762
	3	1	571	1	702
	2	1	218	2	394
	3	1	574	1	761
	3	1	574	1	703
	2	1	187	2	396
	3	1	577	1	764
	3	1	577	1	705
	2	1	200	2	398
	3	1	580	1	763
	3	1	580	1	706
	-3	1	513	1	1915
	-3	1	516	1	1917
	-3	1	447	1	749
	-3	1	450	1	750
	-3	1	453	1	751
	-3	1	456	1	752
	-3	1	462	1	777
	-3	1	474	1	1140
	-3	1	480	1	905
	-3	1	483	1	753
	-3	1	486	1	754
	2	2	400	1	1872
	2	2	402	1	1884
	-1	2	404	3	406
	3	1	596	1	780
	3	1	596	1	781
	3	1	596	1	1558
	-1	2	409	3	411
	3	1	600	1	784
	3	1	600	1	785
	3	1	600	1	1558
	-1	2	414	2	416
	3	1	604	1	869
	3	1	604	1	872
	-1	2	418	2	420
	3	1	607	1	875
	3	1	607	1	878
	-3	1	492	1	1515
	-3	1	489	1	1517
	-3	1	498	1	1507
	-3	1	495	1	1509
	-3	1	504	1	1358
	-3	1	501	1	1360
	-3	1	510	1	1314
	-3	1	507	1	1316
	-1	4	422	1	788
	-1	4	426	1	805
	-1	3	430	2	433
	3	1	620	1	788
	3	1	620	1	805
	2	3	435	8	438
	3	1	623	1	1761
	3	1	623	1	1762
	3	1	623	1	1763
	3	1	623	1	1764
	3	1	623	1	1765
	3	1	623	1	1766
	3	1	623	1	1767
	3	1	623	1	1768
	2	1	386	2	446
	3	1	632	1	1013
	3	1	632	1	766
	-3	1	519	1	823
	2	1	387	2	448
	3	1	636	1	1012
	3	1	636	1	765
	-3	1	522	1	825
	2	1	392	2	450
	3	1	640	1	1014
	3	1	640	1	768
	-3	1	525	1	827
	2	1	393	2	452
	3	1	644	1	1017
	3	1	644	1	769
	-3	1	528	1	829
	2	1	398	2	454
	3	1	648	1	1019
	3	1	648	1	771
	-3	1	531	1	831
	2	1	399	2	456
	3	1	652	1	1018
	3	1	652	1	770
	-3	1	534	1	833
	2	1	404	2	458
	3	1	656	1	835
	3	1	656	1	1258
	2	1	405	2	460
	3	1	659	1	1252
	3	1	659	1	772
	2	1	410	2	462
	3	1	662	1	839
	3	1	662	1	1024
	-3	1	537	1	838
	2	1	411	2	464
	3	1	666	1	1020
	3	1	666	1	773
	-3	1	540	1	841
	2	1	416	2	466
	3	1	670	1	844
	3	1	670	1	1025
	-3	1	543	1	843
	2	1	417	2	468
	3	1	674	1	1021
	3	1	674	1	774
	-3	1	546	1	846
	2	1	422	2	470
	3	1	678	1	847
	3	1	678	1	848
	-3	1	459	1	848
	2	1	423	2	472
	3	1	682	1	777
	3	1	682	1	776
	-3	1	549	1	755
	-3	1	552	1	756
	-3	1	464	1	945
	-3	1	555	1	757
	-3	1	558	1	758
	-3	1	467	1	947
	2	1	425	2	474
	3	1	691	1	857
	3	1	691	1	1026
	-3	1	561	1	856
	2	1	426	2	476
	3	1	695	1	1022
	3	1	695	1	778
	-3	1	564	1	859
	-3	1	567	1	759
	-3	1	570	1	760
	-3	1	470	1	955
	-3	1	573	1	761
	-3	1	576	1	762
	-3	1	476	1	957
	-3	1	579	1	763
	-3	1	582	1	764
	2	1	389	2	478
	3	1	707	1	823
	3	1	707	1	822
	2	1	390	2	480
	3	1	710	1	825
	3	1	710	1	824
	2	1	395	2	482
	3	1	713	1	827
	3	1	713	1	826
	2	1	396	2	484
	3	1	716	1	829
	3	1	716	1	828
	2	1	401	2	486
	3	1	719	1	831
	3	1	719	1	830
	2	1	402	2	488
	3	1	722	1	833
	3	1	722	1	832
	2	1	407	2	490
	3	1	725	1	1166
	3	1	725	1	834
	2	1	408	2	492
	3	1	728	1	1167
	3	1	728	1	836
	2	1	413	2	494
	3	1	731	1	838
	3	1	731	1	837
	2	1	414	2	496
	3	1	734	1	841
	3	1	734	1	840
	2	1	419	2	498
	3	1	737	1	843
	3	1	737	1	842
	2	1	420	2	500
	3	1	740	1	846
	3	1	740	1	845
	2	1	428	2	502
	3	1	743	1	856
	3	1	743	1	855
	2	1	429	2	504
	3	1	746	1	859
	3	1	746	1	858
	-1	2	506	1	767
	-1	2	508	1	767
	-1	2	510	1	775
	-1	2	512	1	775
	-1	2	514	1	779
	-1	2	516	1	779
	-1	2	518	1	849
	-1	2	520	1	849
	-1	2	522	1	852
	-1	2	524	1	852
	-1	2	526	1	860
	-1	2	528	1	860
	-1	2	530	1	863
	-1	2	532	1	863
	-1	2	534	1	866
	-1	2	536	1	866
	-3	1	638	1	974
	-3	1	634	1	976
	-1	2	538	1	881
	-3	1	642	1	978
	-3	1	646	1	980
	-3	1	654	1	982
	-3	1	650	1	984
	-3	1	661	1	1226
	-3	1	668	1	986
	-3	1	676	1	988
	-1	2	540	1	895
	-3	1	684	1	884
	-1	2	542	1	904
	-3	1	697	1	991
	-1	2	544	1	901
	-3	1	597	1	1658
	2	1	598	2	546
	3	1	781	1	1659
	3	1	781	1	1549
	-3	1	601	1	1674
	2	1	602	2	548
	3	1	785	1	1675
	3	1	785	1	1555
	-1	2	550	16	552
	3	1	788	1	1692
	3	1	788	1	1695
	3	1	788	1	1698
	3	1	788	1	1701
	3	1	788	1	1734
	3	1	788	1	1737
	3	1	788	1	1740
	3	1	788	1	1743
	3	1	788	1	1713
	3	1	788	1	1716
	3	1	788	1	1719
	3	1	788	1	1722
	3	1	788	1	1769
	3	1	788	1	1772
	3	1	788	1	1775
	3	1	788	1	1778
	-1	2	568	16	570
	3	1	805	1	1746
	3	1	805	1	1704
	3	1	805	1	1749
	3	1	805	1	1752
	3	1	805	1	1755
	3	1	805	1	1758
	3	1	805	1	1707
	3	1	805	1	1710
	3	1	805	1	1781
	3	1	805	1	1725
	3	1	805	1	1784
	3	1	805	1	1787
	3	1	805	1	1790
	3	1	805	1	1793
	3	1	805	1	1728
	3	1	805	1	1731
	-3	1	709	1	885
	-1	2	586	1	911
	-3	1	712	1	886
	-1	2	588	1	914
	-3	1	715	1	887
	-1	2	590	1	917
	-3	1	718	1	888
	-1	2	592	1	920
	-3	1	721	1	889
	-1	2	594	1	923
	-3	1	724	1	890
	-1	2	596	1	926
	-3	1	727	1	1144
	-3	1	657	1	1236
	-3	1	730	1	1146
	-3	1	733	1	891
	-1	2	598	1	929
	-3	1	663	1	995
	-3	1	736	1	892
	-1	2	600	1	932
	-3	1	739	1	893
	-1	2	602	1	935
	-3	1	671	1	997
	-3	1	742	1	894
	-1	2	604	1	938
	-3	1	679	1	898
	-1	2	606	1	941
	-1	2	608	2	610
	3	1	849	1	945
	3	1	849	1	944
	-1	2	612	2	614
	3	1	852	1	947
	3	1	852	1	946
	-3	1	745	1	899
	-1	2	616	1	948
	-3	1	692	1	1002
	-3	1	748	1	900
	-1	2	618	1	951
	-1	2	620	2	622
	3	1	860	1	955
	3	1	860	1	954
	-1	2	624	2	626
	3	1	863	1	957
	3	1	863	1	956
	-1	2	628	2	630
	3	1	866	1	905
	3	1	866	1	906
	2	1	605	2	632
	3	1	869	1	1522
	3	1	869	1	908
	2	1	606	2	634
	3	1	872	1	1521
	3	1	872	1	907
	2	1	608	2	636
	3	1	875	1	1392
	3	1	875	1	910
	2	1	609	2	638
	3	1	878	1	1391
	3	1	878	1	909
	-3	1	767	2	640
	3	1	881	1	961
	3	1	881	1	964
	-1	2	642	1	904
	-1	2	644	1	911
	-1	2	646	1	914
	-1	2	648	1	917
	-1	2	650	1	920
	-1	2	652	1	923
	-1	2	654	1	926
	-1	2	656	1	929
	-1	2	658	1	932
	-1	2	660	1	935
	-1	2	662	1	938
	-3	1	775	2	664
	3	1	895	1	1268
	3	1	895	1	958
	-1	2	666	1	941
	-1	2	668	1	948
	-1	2	670	1	951
	-3	1	779	2	672
	3	1	901	1	1231
	3	1	901	1	960
	-1	2	674	1	971
	-1	2	676	1	993
	-3	1	868	1	959
	-3	1	874	1	1511
	-3	1	871	1	1513
	-3	1	880	1	1374
	-3	1	877	1	1376
	-1	2	678	2	680
	3	1	911	1	976
	3	1	911	1	977
	-1	2	682	2	684
	3	1	914	1	974
	3	1	914	1	975
	-1	2	686	2	688
	3	1	917	1	978
	3	1	917	1	979
	-1	2	690	2	692
	3	1	920	1	980
	3	1	920	1	981
	-1	2	694	2	696
	3	1	923	1	984
	3	1	923	1	985
	-1	2	698	2	700
	3	1	926	1	982
	3	1	926	1	983
	-1	2	702	2	704
	3	1	929	1	995
	3	1	929	1	994
	-1	2	706	2	708
	3	1	932	1	986
	3	1	932	1	987
	-1	2	710	2	712
	3	1	935	1	997
	3	1	935	1	996
	-1	2	714	2	716
	3	1	938	1	988
	3	1	938	1	989
	-1	2	718	2	720
	3	1	941	1	1932
	3	1	941	1	990
	-3	1	851	1	967
	-1	2	722	1	998
	-3	1	854	1	968
	-1	2	724	1	1003
	-1	2	726	2	728
	3	1	948	1	1002
	3	1	948	1	1001
	-1	2	730	2	732
	3	1	951	1	991
	3	1	951	1	992
	-3	1	862	1	969
	-1	2	734	1	1009
	-3	1	865	1	970
	-1	2	736	1	1006
	-3	1	897	1	1253
	-1	2	738	1	993
	-3	1	903	1	1208
	2	1	882	2	740
	3	1	961	1	1266
	3	1	961	1	1016
	2	1	883	2	742
	3	1	964	1	1265
	3	1	964	1	1015
	-1	2	744	1	998
	-1	2	746	1	1003
	-1	2	748	1	1009
	-1	2	750	1	1006
	-3	1	904	2	752
	3	1	971	1	1390
	3	1	971	1	1023
	-1	2	754	1	1030
	-3	1	916	1	1012
	-1	2	756	1	1031
	-3	1	913	1	1013
	-1	2	758	1	1034
	-3	1	919	1	1014
	-1	2	760	1	1037
	-3	1	922	1	1017
	-1	2	762	1	1038
	-3	1	928	1	1018
	-1	2	764	1	1039
	-3	1	925	1	1019
	-1	2	766	1	1043
	-3	1	934	1	1020
	-1	2	768	1	1044
	-3	1	940	1	1021
	-3	1	943	1	1930
	-1	2	770	1	1046
	-3	1	953	1	1022
	-1	2	772	1	1027
	-3	1	931	1	1024
	-1	2	774	1	1053
	-3	1	937	1	1025
	-1	2	776	1	1050
	-1	2	778	2	780
	3	1	998	1	1207
	3	1	998	1	1045
	-3	1	950	1	1026
	-1	2	782	1	1056
	-1	2	784	2	786
	3	1	1003	1	1116
	3	1	1003	1	1047
	-1	2	788	2	790
	3	1	1006	1	1073
	3	1	1006	1	1048
	-1	2	792	2	794
	3	1	1009	1	1072
	3	1	1009	1	1049
	-1	2	796	1	1030
	-1	2	798	1	1031
	-1	2	800	1	1034
	-3	1	966	1	1248
	-3	1	963	1	1250
	-1	2	802	1	1037
	-1	2	804	1	1038
	-1	2	806	1	1039
	-1	2	808	1	1043
	-1	2	810	1	1044
	-1	2	812	1	1046
	-3	1	973	1	1373
	-1	2	814	1	1053
	-1	2	816	1	1050
	-1	2	818	1	1056
	-3	1	993	2	820
	3	1	1027	1	1153
	3	1	1027	1	1074
	-1	2	822	1	1059
	-1	2	824	2	826
	3	1	1031	1	1103
	3	1	1031	1	1106
	-1	2	828	2	830
	3	1	1034	1	1091
	3	1	1034	1	1094
	-1	2	832	1	1069
	-1	2	834	1	1062
	-1	2	836	3	838
	3	1	1039	1	1097
	3	1	1039	1	1100
	3	1	1039	1	1081
	-1	2	841	1	1065
	-1	2	843	1	1075
	-3	1	1000	1	1188
	-1	2	845	1	1078
	-3	1	1005	1	1086
	-3	1	1008	1	1072
	-3	1	1011	1	1073
	-1	2	847	2	849
	3	1	1050	1	1406
	3	1	1050	1	1084
	-1	2	851	2	853
	3	1	1053	1	1201
	3	1	1053	1	1085
	-1	2	855	2	857
	3	1	1056	1	1086
	3	1	1056	1	1087
	-3	1	1030	2	859
	3	1	1059	1	1125
	3	1	1059	1	1128
	-3	1	1038	2	861
	3	1	1062	1	1112
	3	1	1062	1	1131
	-3	1	1043	3	863
	3	1	1065	1	1109
	3	1	1065	1	1134
	3	1	1065	1	1137
	-3	1	1037	2	866
	3	1	1069	1	1119
	3	1	1069	1	1122
	-1	2	868	1	1088
	-1	2	870	1	1088
	-3	1	1029	1	1117
	-3	1	1044	2	872
	3	1	1075	1	1404
	3	1	1075	1	1115
	-3	1	1046	2	874
	3	1	1078	1	1117
	3	1	1078	1	1118
	2	1	1042	2	876
	3	1	1081	1	1154
	3	1	1081	1	1157
	-3	1	1052	1	1389
	-3	1	1055	1	1174
	-1	2	878	1	1150
	-3	1	1058	1	1116
	-1	2	880	2	882
	3	1	1088	1	1140
	3	1	1088	1	1141
	2	1	1035	2	884
	3	1	1091	1	1193
	3	1	1091	1	1142
	2	1	1036	2	886
	3	1	1094	1	1194
	3	1	1094	1	1143
	2	1	1040	2	888
	3	1	1097	1	1144
	3	1	1097	1	1145
	2	1	1041	2	890
	3	1	1100	1	1146
	3	1	1100	1	1147
	2	1	1032	2	892
	3	1	1103	1	1237
	3	1	1103	1	1148
	2	1	1033	2	894
	3	1	1106	1	1238
	3	1	1106	1	1149
	2	1	1066	2	896
	3	1	1109	1	1168
	3	1	1109	1	1171
	2	1	1063	2	898
	3	1	1112	1	1182
	3	1	1112	1	1185
	-3	1	1077	1	1384
	-1	2	900	1	1150
	-1	2	902	1	1176
	-3	1	1080	1	1153
	2	1	1070	2	904
	3	1	1119	1	1180
	3	1	1119	1	1302
	2	1	1071	2	906
	3	1	1122	1	1296
	3	1	1122	1	1161
	2	1	1060	2	908
	3	1	1125	1	1162
	3	1	1125	1	1163
	2	1	1061	2	910
	3	1	1128	1	1164
	3	1	1128	1	1165
	2	1	1064	2	912
	3	1	1131	1	1174
	3	1	1131	1	1175
	2	1	1067	2	914
	3	1	1134	1	1224
	3	1	1134	1	1179
	2	1	1068	2	916
	3	1	1137	1	1225
	3	1	1137	1	1181
	-1	2	918	1	1190
	-3	1	1090	1	1160
	-3	1	1093	1	1162
	-3	1	1096	1	1164
	-1	2	920	1	1195
	-3	1	1099	1	1166
	-1	2	922	1	1198
	-3	1	1102	1	1167
	-3	1	1105	1	1217
	-3	1	1108	1	1220
	-1	2	924	2	926
	3	1	1150	1	1188
	3	1	1150	1	1189
	-1	2	928	1	1176
	2	1	1082	2	930
	3	1	1154	1	1203
	3	1	1154	1	1202
	2	1	1083	2	932
	3	1	1157	1	1205
	3	1	1157	1	1204
	-1	2	934	1	1190
	-3	1	1124	1	1269
	-1	2	936	1	1210
	-3	1	1127	1	1193
	-1	2	938	1	1213
	-3	1	1130	1	1194
	-1	2	940	1	1195
	-1	2	942	1	1198
	2	1	1110	2	944
	3	1	1168	1	1218
	3	1	1168	1	1319
	2	1	1111	2	946
	3	1	1171	1	1310
	3	1	1171	1	1206
	-1	2	948	1	1221
	-3	1	1133	1	1201
	-1	2	950	2	952
	3	1	1176	1	1208
	3	1	1176	1	1209
	-3	1	1136	1	1203
	-3	1	1120	1	1276
	-3	1	1139	1	1205
	2	1	1113	2	954
	3	1	1182	1	1217
	3	1	1182	1	1216
	2	1	1114	2	956
	3	1	1185	1	1220
	3	1	1185	1	1219
	-1	2	958	1	1228
	-3	1	1152	1	1207
	-1	2	960	2	962
	3	1	1190	1	1245
	3	1	1190	1	1232
	-1	2	964	1	1210
	-1	2	966	1	1213
	-1	2	968	2	970
	3	1	1195	1	1236
	3	1	1195	1	1235
	-1	2	972	2	974
	3	1	1198	1	1226
	3	1	1198	1	1227
	-1	2	976	1	1221
	-3	1	1156	1	1224
	-1	2	978	1	1239
	-3	1	1159	1	1225
	-1	2	980	1	1242
	-3	1	1173	1	1293
	-1	2	982	1	1228
	-1	2	984	1	1255
	-3	1	1178	1	1231
	-1	2	986	2	988
	3	1	1210	1	1250
	3	1	1210	1	1251
	-1	2	990	2	992
	3	1	1213	1	1248
	3	1	1213	1	1249
	-3	1	1184	1	1237
	-1	2	994	1	1259
	-3	1	1169	1	1301
	-3	1	1187	1	1238
	-1	2	996	1	1262
	-1	2	998	2	1000
	3	1	1221	1	1253
	3	1	1221	1	1254
	-1	2	1002	1	1239
	-1	2	1004	1	1242
	-1	2	1006	1	1267
	-3	1	1200	1	1252
	-1	2	1008	2	1010
	3	1	1228	1	1277
	3	1	1228	1	1272
	-1	2	1012	1	1255
	-1	2	1014	2	1016
	3	1	1232	1	1280
	3	1	1232	1	1283
	-3	1	1197	1	1258
	-1	2	1018	1	1286
	-1	2	1020	1	1259
	-1	2	1022	1	1262
	-1	2	1024	2	1026
	3	1	1239	1	1276
	3	1	1239	1	1275
	-1	2	1028	2	1030
	3	1	1242	1	1269
	3	1	1242	1	1270
	2	1	1191	2	1032
	3	1	1245	1	1913
	3	1	1245	1	1271
	-1	2	1034	1	1289
	-3	1	1215	1	1265
	-1	2	1036	1	1290
	-3	1	1212	1	1266
	-1	2	1038	1	1267
	-1	2	1040	1	1295
	-3	1	1223	1	1268
	-1	2	1042	2	1044
	3	1	1255	1	1306
	3	1	1255	1	1297
	-1	2	1046	1	1286
	-1	2	1048	2	1050
	3	1	1259	1	1301
	3	1	1259	1	1300
	-1	2	1052	2	1054
	3	1	1262	1	1293
	3	1	1262	1	1294
	-1	2	1056	1	1289
	-1	2	1058	1	1290
	-1	2	1060	1	1303
	-1	2	1062	1	1295
	-1	2	1064	1	1312
	-3	1	1244	1	1296
	-3	1	1247	1	1901
	-1	2	1066	2	1068
	3	1	1272	1	1320
	3	1	1272	1	1323
	-3	1	1241	1	1302
	-1	2	1070	1	1326
	2	1	1229	2	1072
	3	1	1277	1	1912
	3	1	1277	1	1313
	2	1	1233	2	1074
	3	1	1280	1	1316
	3	1	1280	1	1317
	2	1	1234	2	1076
	3	1	1283	1	1314
	3	1	1283	1	1315
	-1	2	1078	2	1080
	3	1	1286	1	1403
	3	1	1286	1	1318
	-1	2	1082	1	1309
	-1	2	1084	2	1086
	3	1	1290	1	1346
	3	1	1290	1	1334
	-1	2	1088	1	1329
	-3	1	1264	1	1310
	-1	2	1090	1	1311
	-1	2	1092	1	1312
	-1	2	1094	2	1096
	3	1	1297	1	1340
	3	1	1297	1	1343
	-3	1	1261	1	1319
	-1	2	1098	1	1349
	-1	2	1100	1	1326
	-3	1	1267	2	1102
	3	1	1303	1	1387
	3	1	1303	1	1330
	2	1	1256	2	1104
	3	1	1306	1	1914
	3	1	1306	1	1331
	-3	1	1289	1	1352
	-1	2	1106	1	1329
	-3	1	1295	1	1355
	-1	2	1108	1	1337
	-3	1	1279	1	1900
	-1	2	1110	1	1362
	-3	1	1285	1	1332
	-1	2	1112	1	1363
	-3	1	1282	1	1333
	-3	1	1288	1	1382
	-1	2	1114	1	1349
	2	1	1273	2	1116
	3	1	1320	1	1360
	3	1	1320	1	1361
	2	1	1274	2	1118
	3	1	1323	1	1358
	3	1	1323	1	1359
	-1	2	1120	2	1122
	3	1	1326	1	1919
	3	1	1326	1	1366
	-1	2	1124	1	1367
	-3	1	1305	1	1371
	-3	1	1308	1	1902
	-1	2	1126	1	1362
	-1	2	1128	1	1363
	2	1	1292	2	1130
	3	1	1334	1	1371
	3	1	1334	1	1370
	-3	1	1312	2	1132
	3	1	1337	1	1373
	3	1	1337	1	1372
	2	1	1298	2	1134
	3	1	1340	1	1376
	3	1	1340	1	1377
	2	1	1299	2	1136
	3	1	1343	1	1374
	3	1	1343	1	1375
	2	1	1291	2	1138
	3	1	1346	1	1382
	3	1	1346	1	1381
	-1	2	1140	2	1142
	3	1	1349	1	1384
	3	1	1349	1	1383
	2	2	1144	2	1146
	3	1	1352	1	1887
	3	1	1352	1	1385
	2	2	1148	2	1150
	3	1	1355	1	1888
	3	1	1355	1	1386
	-1	2	1152	1	1393
	-3	1	1325	1	1378
	-1	2	1154	1	1394
	-3	1	1322	1	1379
	-1	2	1156	1	1380
	-1	2	1158	2	1160
	3	1	1363	1	1397
	3	1	1363	1	1400
	-3	1	1328	1	1909
	-3	1	1329	2	1162
	3	1	1367	1	1389
	3	1	1367	1	1388
	-3	1	1336	1	1387
	-1	2	1164	1	1405
	-3	1	1339	1	1390
	-1	2	1166	1	1407
	-1	2	1168	1	1408
	-3	1	1345	1	1391
	-1	2	1170	1	1409
	-3	1	1342	1	1392
	-1	2	1172	1	1393
	-1	2	1174	1	1394
	-3	1	1362	1	1558
	-3	1	1348	1	1403
	-1	2	1176	1	1413
	-3	1	1351	1	1404
	-1	2	1178	1	1416
	-3	1	1354	1	1868
	-3	1	1357	1	1870
	-1	2	1180	1	1405
	-3	1	1369	1	1406
	-1	2	1182	1	1420
	-1	2	1184	1	1407
	-1	2	1186	1	1408
	-1	2	1188	1	1409
	-1	2	1190	1	1412
	-1	2	1192	2	1194
	3	1	1394	1	1425
	3	1	1394	1	1428
	-3	1	1364	2	1196
	3	1	1397	1	1445
	3	1	1397	1	1470
	2	1	1365	2	1198
	3	1	1400	1	1460
	3	1	1400	1	1484
	-1	2	1200	1	1413
	-1	2	1202	1	1416
	-1	2	1204	1	1419
	-1	2	1206	1	1420
	-1	2	1208	1	1421
	-1	2	1210	1	1424
	-1	2	1212	2	1214
	3	1	1409	1	1439
	3	1	1409	1	1442
	-3	1	1393	1	1558
	-1	2	1216	2	1218
	3	1	1413	1	1910
	3	1	1413	1	1431
	-1	2	1220	2	1222
	3	1	1416	1	1911
	3	1	1416	1	1432
	-3	1	1405	1	1433
	-1	2	1224	1	1436
	-1	2	1226	2	1228
	3	1	1421	1	1489
	3	1	1421	1	1492
	-3	1	1408	1	1558
	-3	1	1395	2	1230
	3	1	1425	1	1445
	3	1	1425	1	1460
	2	1	1396	2	1232
	3	1	1428	1	1470
	3	1	1428	1	1484
	-3	1	1415	1	1898
	-3	1	1418	1	1899
	-1	2	1234	2	1236
	3	1	1433	1	1495
	3	1	1433	1	1498
	-1	2	1238	2	1240
	3	1	1436	1	1501
	3	1	1436	1	1504
	-3	1	1410	2	1242
	3	1	1439	1	1613
	3	1	1439	1	1634
	2	1	1411	2	1244
	3	1	1442	1	1626
	3	1	1442	1	1648
	2	2	1246	14	1248
	3	1	1445	1	1713
	3	1	1445	1	1692
	3	1	1445	1	1722
	3	1	1445	1	1701
	3	1	1445	1	1775
	3	1	1445	1	1740
	3	1	1445	1	1790
	3	1	1445	1	1755
	3	1	1445	1	1761
	3	1	1445	1	1762
	3	1	1445	1	1763
	3	1	1445	1	1766
	3	1	1445	1	1767
	3	1	1445	1	1768
	2	2	1262	9	1264
	3	1	1460	1	1719
	3	1	1460	1	1698
	3	1	1460	1	1772
	3	1	1460	1	1737
	3	1	1460	1	1725
	3	1	1460	1	1704
	3	1	1460	1	1787
	3	1	1460	1	1752
	3	1	1460	1	1765
	2	2	1273	13	1275
	3	1	1470	1	1716
	3	1	1470	1	1695
	3	1	1470	1	1769
	3	1	1470	1	1734
	3	1	1470	1	1781
	3	1	1470	1	1746
	3	1	1470	1	1784
	3	1	1470	1	1749
	3	1	1470	1	1793
	3	1	1470	1	1758
	3	1	1470	1	1731
	3	1	1470	1	1710
	3	1	1470	1	1764
	2	2	1288	4	1290
	3	1	1484	1	1778
	3	1	1484	1	1743
	3	1	1484	1	1728
	3	1	1484	1	1707
	2	1	1422	2	1294
	3	1	1489	1	1509
	3	1	1489	1	1510
	2	1	1423	2	1296
	3	1	1492	1	1507
	3	1	1492	1	1508
	2	1	1434	2	1298
	3	1	1495	1	1513
	3	1	1495	1	1514
	2	1	1435	2	1300
	3	1	1498	1	1511
	3	1	1498	1	1512
	2	1	1437	2	1302
	3	1	1501	1	1517
	3	1	1501	1	1518
	2	1	1438	2	1304
	3	1	1504	1	1515
	3	1	1504	1	1516
	-1	2	1306	1	1525
	-3	1	1494	1	1519
	-1	2	1308	1	1526
	-3	1	1491	1	1520
	-1	2	1310	1	1529
	-3	1	1500	1	1521
	-1	2	1312	1	1530
	-3	1	1497	1	1522
	-1	2	1314	1	1533
	-3	1	1506	1	1523
	-1	2	1316	1	1534
	-3	1	1503	1	1524
	-1	2	1318	1	1525
	-1	2	1320	1	1526
	-1	2	1322	1	1529
	-1	2	1324	1	1530
	-1	2	1326	1	1533
	-1	2	1328	1	1534
	-1	2	1330	1	1537
	-1	2	1332	2	1334
	3	1	1526	1	1540
	3	1	1526	1	1543
	-1	2	1336	1	1538
	-1	2	1338	2	1340
	3	1	1530	1	1546
	3	1	1530	1	1549
	-1	2	1342	1	1539
	-1	2	1344	2	1346
	3	1	1534	1	1552
	3	1	1534	1	1555
	-3	1	1525	1	1558
	-3	1	1529	1	1558
	-3	1	1533	1	1558
	-3	1	1527	2	1348
	3	1	1540	1	1613
	3	1	1540	1	1626
	2	1	1528	2	1350
	3	1	1543	1	1634
	3	1	1543	1	1648
	-3	1	1531	2	1352
	3	1	1546	1	1658
	3	1	1546	1	1659
	2	2	1354	2	1356
	3	1	1549	1	1561
	3	1	1549	1	1572
	-3	1	1535	2	1358
	3	1	1552	1	1674
	3	1	1552	1	1675
	2	2	1360	2	1362
	3	1	1555	1	1588
	3	1	1555	1	1599
	-1	8	1364	2	1372
	3	1	1558	1	1657
	3	1	1558	1	1867
	2	1	1550	10	1374
	3	1	1561	1	1713
	3	1	1561	1	1692
	3	1	1561	1	1716
	3	1	1561	1	1695
	3	1	1561	1	1719
	3	1	1561	1	1698
	3	1	1561	1	1722
	3	1	1561	1	1701
	3	1	1561	1	1769
	3	1	1561	1	1734
	2	1	1551	15	1384
	3	1	1572	1	1772
	3	1	1572	1	1737
	3	1	1572	1	1775
	3	1	1572	1	1740
	3	1	1572	1	1778
	3	1	1572	1	1743
	3	1	1572	1	1781
	3	1	1572	1	1746
	3	1	1572	1	1725
	3	1	1572	1	1704
	3	1	1572	1	1728
	3	1	1572	1	1707
	3	1	1572	1	1731
	3	1	1572	1	1710
	3	1	1572	1	1761
	2	1	1556	10	1399
	3	1	1588	1	1713
	3	1	1588	1	1692
	3	1	1588	1	1716
	3	1	1588	1	1695
	3	1	1588	1	1719
	3	1	1588	1	1698
	3	1	1588	1	1722
	3	1	1588	1	1701
	3	1	1588	1	1725
	3	1	1588	1	1704
	2	1	1557	13	1409
	3	1	1599	1	1784
	3	1	1599	1	1749
	3	1	1599	1	1787
	3	1	1599	1	1752
	3	1	1599	1	1790
	3	1	1599	1	1755
	3	1	1599	1	1793
	3	1	1599	1	1758
	3	1	1599	1	1728
	3	1	1599	1	1707
	3	1	1599	1	1731
	3	1	1599	1	1710
	3	1	1599	1	1762
	2	2	1422	12	1424
	3	1	1613	1	1716
	3	1	1613	1	1695
	3	1	1613	1	1719
	3	1	1613	1	1698
	3	1	1613	1	1778
	3	1	1613	1	1743
	3	1	1613	1	1761
	3	1	1613	1	1762
	3	1	1613	1	1764
	3	1	1613	1	1765
	3	1	1613	1	1767
	3	1	1613	1	1768
	2	2	1436	7	1438
	3	1	1626	1	1722
	3	1	1626	1	1701
	3	1	1626	1	1781
	3	1	1626	1	1746
	3	1	1626	1	1793
	3	1	1626	1	1758
	3	1	1626	1	1766
	2	2	1445	13	1447
	3	1	1634	1	1713
	3	1	1634	1	1692
	3	1	1634	1	1769
	3	1	1634	1	1734
	3	1	1634	1	1772
	3	1	1634	1	1737
	3	1	1634	1	1784
	3	1	1634	1	1749
	3	1	1634	1	1787
	3	1	1634	1	1752
	3	1	1634	1	1728
	3	1	1634	1	1707
	3	1	1634	1	1763
	2	2	1460	8	1462
	3	1	1648	1	1775
	3	1	1648	1	1740
	3	1	1648	1	1725
	3	1	1648	1	1704
	3	1	1648	1	1790
	3	1	1648	1	1755
	3	1	1648	1	1731
	3	1	1648	1	1710
	2	4	1470	1	50
	2	2	1474	1	1768
	2	2	1476	14	1478
	3	1	1659	1	1784
	3	1	1659	1	1749
	3	1	1659	1	1787
	3	1	1659	1	1752
	3	1	1659	1	1790
	3	1	1659	1	1755
	3	1	1659	1	1793
	3	1	1659	1	1758
	3	1	1659	1	1762
	3	1	1659	1	1763
	3	1	1659	1	1764
	3	1	1659	1	1765
	3	1	1659	1	1766
	3	1	1659	1	1767
	2	2	1492	1	1767
	2	2	1494	16	1496
	3	1	1675	1	1769
	3	1	1675	1	1734
	3	1	1675	1	1772
	3	1	1675	1	1737
	3	1	1675	1	1775
	3	1	1675	1	1740
	3	1	1675	1	1778
	3	1	1675	1	1743
	3	1	1675	1	1781
	3	1	1675	1	1746
	3	1	1675	1	1761
	3	1	1675	1	1763
	3	1	1675	1	1764
	3	1	1675	1	1765
	3	1	1675	1	1766
	3	1	1675	1	1768
	-1	5	1512	2	1517
	3	1	1692	1	1838
	3	1	1692	1	1836
	-1	5	1519	2	1524
	3	1	1695	1	1838
	3	1	1695	1	1836
	-1	5	1526	2	1531
	3	1	1698	1	1838
	3	1	1698	1	1836
	-1	5	1533	2	1538
	3	1	1701	1	1838
	3	1	1701	1	1836
	-1	5	1540	2	1545
	3	1	1704	1	1841
	3	1	1704	1	1837
	-1	5	1547	2	1552
	3	1	1707	1	1841
	3	1	1707	1	1837
	-1	5	1554	2	1559
	3	1	1710	1	1841
	3	1	1710	1	1837
	2	5	1561	2	1566
	3	1	1713	1	1796
	3	1	1713	1	1797
	2	5	1568	2	1573
	3	1	1716	1	1798
	3	1	1716	1	1799
	2	5	1575	2	1580
	3	1	1719	1	1800
	3	1	1719	1	1801
	2	5	1582	2	1587
	3	1	1722	1	1802
	3	1	1722	1	1803
	2	5	1589	2	1594
	3	1	1725	1	1804
	3	1	1725	1	1805
	2	5	1596	2	1601
	3	1	1728	1	1806
	3	1	1728	1	1807
	2	5	1603	2	1608
	3	1	1731	1	1808
	3	1	1731	1	1809
	-1	5	1610	2	1615
	3	1	1734	1	1838
	3	1	1734	1	1836
	-1	5	1617	2	1622
	3	1	1737	1	1838
	3	1	1737	1	1836
	-1	5	1624	2	1629
	3	1	1740	1	1838
	3	1	1740	1	1836
	-1	5	1631	2	1636
	3	1	1743	1	1838
	3	1	1743	1	1836
	-1	5	1638	2	1643
	3	1	1746	1	1841
	3	1	1746	1	1837
	-1	5	1645	2	1650
	3	1	1749	1	1841
	3	1	1749	1	1837
	-1	5	1652	2	1657
	3	1	1752	1	1841
	3	1	1752	1	1837
	-1	5	1659	2	1664
	3	1	1755	1	1841
	3	1	1755	1	1837
	-1	5	1666	2	1671
	3	1	1758	1	1841
	3	1	1758	1	1837
	-1	5	1673	1	1810
	-1	5	1678	1	1810
	-1	5	1683	1	1810
	-1	5	1688	1	1810
	-1	5	1693	1	1810
	-1	5	1698	1	1810
	-1	5	1703	1	1810
	-1	5	1708	1	1810
	2	5	1713	2	1718
	3	1	1769	1	1815
	3	1	1769	1	1816
	2	5	1720	2	1725
	3	1	1772	1	1817
	3	1	1772	1	1818
	2	5	1727	2	1732
	3	1	1775	1	1819
	3	1	1775	1	1820
	2	5	1734	2	1739
	3	1	1778	1	1821
	3	1	1778	1	1822
	2	5	1741	2	1746
	3	1	1781	1	1823
	3	1	1781	1	1824
	2	5	1748	2	1753
	3	1	1784	1	1826
	3	1	1784	1	1827
	2	5	1755	2	1760
	3	1	1787	1	1828
	3	1	1787	1	1829
	2	5	1762	2	1767
	3	1	1790	1	1830
	3	1	1790	1	1831
	2	5	1769	2	1774
	3	1	1793	1	1832
	3	1	1793	1	1833
	-1	2	1776	1	34
	-3	1	1715	1	1811
	-1	2	1778	1	35
	-3	1	1718	1	1812
	-1	2	1780	1	36
	-3	1	1721	1	1813
	-1	2	1782	1	37
	-3	1	1724	1	1814
	-1	2	1784	1	38
	-3	1	1727	1	1825
	-1	2	1786	1	39
	-3	1	1730	1	1834
	-1	2	1788	1	40
	-3	1	1733	1	1835
	2	8	1790	1	1859
	-1	2	1798	1	34
	-1	2	1800	1	35
	-1	2	1802	1	36
	-1	2	1804	1	37
	-1	2	1806	1	41
	-3	1	1771	1	1844
	-1	2	1808	1	42
	-3	1	1774	1	1845
	-1	2	1810	1	43
	-3	1	1777	1	1846
	-1	2	1812	1	44
	-3	1	1780	1	1847
	-1	2	1814	1	45
	-3	1	1783	1	1848
	-1	2	1816	1	38
	-1	2	1818	1	46
	-3	1	1786	1	1849
	-1	2	1820	1	47
	-3	1	1789	1	1850
	-1	2	1822	1	48
	-3	1	1792	1	1851
	-1	2	1824	1	49
	-3	1	1795	1	1852
	-1	2	1826	1	39
	-1	2	1828	1	40
	-1	8	1830	1	1853
	-1	8	1838	1	1856
	2	8	1846	2	1854
	3	1	1838	1	1860
	3	1	1838	1	1859
	2	8	1856	2	1864
	3	1	1841	1	1860
	3	1	1841	1	1859
	-1	2	1874	1	41
	-1	2	1876	1	42
	-1	2	1878	1	43
	-1	2	1880	1	44
	-1	2	1882	1	45
	-1	2	1886	1	46
	-1	2	1888	1	47
	-1	2	1890	1	48
	-1	2	1892	1	49
	2	2	1898	2	1900
	3	1	1853	1	1868
	3	1	1853	1	1869
	2	2	1902	2	1904
	3	1	1856	1	1870
	3	1	1856	1	1871
	2	3	1924	1	1867
	-1	2	1927	6	1929
	3	1	1860	1	1872
	3	1	1860	1	1875
	3	1	1860	1	1889
	3	1	1860	1	1878
	3	1	1860	1	1881
	3	1	1860	1	1884
	2	4	1935	1	50
	-1	2	1939	1	1892
	-3	1	1855	1	1887
	-1	2	1941	1	1895
	-3	1	1858	1	1888
	2	3	1945	2	1948
	3	1	1872	1	1898
	3	1	1872	1	1903
	2	3	1950	2	1953
	3	1	1875	1	1899
	3	1	1875	1	1904
	2	3	1955	2	1958
	3	1	1878	1	1900
	3	1	1878	1	1905
	2	3	1960	2	1963
	3	1	1881	1	1901
	3	1	1881	1	1906
	2	3	1965	2	1968
	3	1	1884	1	1902
	3	1	1884	1	1907
	-1	2	1970	1	1892
	-1	2	1972	1	1895
	2	3	1974	2	1977
	3	1	1889	1	1909
	3	1	1889	1	1908
	-1	2	1979	2	1981
	3	1	1892	1	1915
	3	1	1892	1	1916
	-1	2	1983	2	1985
	3	1	1895	1	1917
	3	1	1895	1	1918
	-1	2	1987	1	1920
	-1	2	1989	1	1921
	-1	2	1991	1	1922
	-1	2	1993	1	1923
	-1	2	1995	1	1924
	-3	1	1874	1	1910
	-3	1	1877	1	1911
	-3	1	1880	1	1912
	-3	1	1883	1	1913
	-3	1	1886	1	1914
	-3	1	1891	1	1919
	-1	2	1997	1	1927
	-1	2	1999	1	1920
	-1	2	2001	1	1921
	-1	2	2003	1	1922
	-1	2	2005	1	1923
	-1	2	2007	1	1924
	-1	2	2009	1	56
	-3	1	1894	1	1925
	-1	2	2011	1	57
	-3	1	1897	1	1926
	-1	2	2013	1	1927
	-1	2	2015	1	51
	-1	2	2017	1	52
	-1	2	2019	1	53
	-1	2	2021	1	54
	-1	2	2023	1	55
	-1	2	2025	1	56
	-1	2	2027	1	57
	-1	2	2029	2	2031
	3	1	1927	1	1930
	3	1	1927	1	1931
	-1	2	2047	1	1933
	-3	1	1929	1	1932
	-1	2	2049	1	1933
	-1	2	2051	1	58

2054
	84
	85
	86
	87
	88
	89
	90
	91
	92
	93
	94
	95
	96
	97
	98
	99
	100
	101
	102
	103
	104
	105
	106
	107
	108
	109
	110
	111
	112
	113
	114
	115
	116
	117
	118
	119
	120
	121
	122
	123
	124
	125
	126
	127
	128
	129
	130
	131
	132
	133
	134
	135
	136
	137
	138
	139
	140
	141
	142
	143
	144
	145
	146
	147
	148
	149
	150
	151
	152
	153
	154
	155
	156
	157
	158
	159
	160
	161
	163
	164
	165
	167
	168
	170
	171
	172
	174
	175
	176
	177
	179
	180
	182
	183
	185
	186
	187
	189
	190
	191
	193
	194
	195
	196
	198
	199
	200
	202
	203
	205
	206
	208
	209
	210
	212
	213
	214
	216
	217
	218
	220
	221
	222
	127
	143
	129
	145
	226
	227
	230
	231
	233
	234
	236
	237
	239
	240
	242
	243
	245
	246
	250
	251
	253
	254
	256
	257
	258
	259
	260
	261
	263
	264
	265
	266
	267
	268
	270
	271
	273
	274
	276
	277
	279
	280
	281
	282
	283
	284
	286
	287
	289
	290
	292
	293
	294
	295
	296
	297
	299
	300
	301
	302
	304
	305
	306
	307
	308
	309
	311
	312
	313
	314
	316
	317
	319
	320
	322
	323
	325
	326
	328
	329
	331
	332
	334
	335
	337
	338
	340
	341
	343
	344
	346
	347
	349
	350
	352
	353
	355
	356
	358
	359
	361
	362
	279
	304
	280
	305
	281
	306
	282
	307
	283
	308
	284
	309
	386
	387
	389
	390
	392
	393
	395
	396
	398
	399
	401
	402
	126
	292
	404
	405
	407
	408
	410
	411
	413
	414
	128
	293
	416
	417
	419
	420
	116
	226
	294
	422
	423
	425
	426
	428
	429
	299
	250
	300
	253
	233
	133
	433
	434
	435
	436
	234
	273
	438
	439
	440
	228
	274
	442
	443
	444
	446
	447
	449
	450
	452
	453
	455
	456
	458
	459
	461
	462
	464
	465
	467
	468
	470
	471
	121
	230
	296
	473
	474
	476
	477
	479
	480
	482
	483
	124
	231
	297
	485
	486
	488
	489
	491
	492
	494
	495
	497
	498
	500
	501
	503
	504
	506
	507
	509
	510
	223
	289
	512
	513
	224
	290
	515
	516
	518
	519
	521
	522
	524
	525
	527
	528
	530
	531
	533
	534
	536
	537
	539
	540
	542
	543
	545
	546
	548
	549
	551
	552
	119
	227
	295
	554
	555
	557
	558
	560
	561
	563
	564
	566
	567
	569
	570
	572
	573
	575
	576
	578
	579
	581
	582
	117
	442
	122
	438
	120
	443
	597
	598
	599
	125
	439
	601
	602
	603
	118
	444
	605
	606
	123
	440
	608
	609
	251
	270
	301
	433
	254
	271
	302
	436
	277
	314
	435
	621
	622
	276
	313
	434
	624
	625
	626
	627
	628
	629
	630
	631
	633
	634
	637
	638
	641
	642
	645
	646
	649
	650
	653
	654
	657
	658
	660
	661
	663
	664
	667
	668
	671
	672
	675
	676
	679
	680
	683
	684
	692
	693
	696
	697
	708
	709
	711
	712
	714
	715
	717
	718
	720
	721
	723
	724
	726
	727
	729
	730
	732
	733
	735
	736
	738
	739
	741
	742
	744
	745
	747
	748
	449
	585
	446
	586
	455
	587
	452
	588
	485
	592
	482
	593
	551
	685
	548
	686
	557
	688
	554
	689
	569
	699
	566
	700
	575
	702
	572
	703
	581
	705
	578
	706
	749
	750
	751
	752
	683
	589
	753
	754
	782
	783
	786
	787
	618
	621
	789
	790
	791
	792
	793
	794
	795
	796
	797
	798
	799
	800
	801
	802
	803
	804
	619
	622
	806
	807
	808
	809
	810
	811
	812
	813
	814
	815
	816
	817
	818
	819
	820
	821
	708
	635
	711
	639
	714
	643
	717
	647
	720
	651
	723
	655
	732
	665
	735
	669
	738
	673
	741
	677
	680
	681
	755
	756
	850
	851
	757
	758
	853
	854
	744
	694
	747
	698
	759
	760
	861
	862
	761
	762
	864
	865
	763
	764
	867
	868
	870
	871
	873
	874
	876
	877
	879
	880
	882
	883
	461
	776
	518
	822
	521
	824
	524
	826
	527
	828
	530
	830
	533
	832
	536
	837
	539
	840
	542
	842
	545
	845
	896
	897
	458
	847
	560
	855
	563
	858
	902
	903
	884
	777
	867
	591
	885
	823
	912
	913
	886
	825
	915
	916
	887
	827
	918
	919
	888
	829
	921
	922
	889
	831
	924
	925
	890
	833
	927
	928
	891
	838
	930
	931
	892
	841
	933
	934
	893
	843
	936
	937
	894
	846
	939
	940
	898
	848
	942
	943
	850
	687
	853
	690
	899
	856
	949
	950
	900
	859
	952
	953
	861
	701
	864
	704
	479
	906
	962
	963
	965
	966
	465
	944
	468
	946
	471
	954
	477
	956
	972
	973
	915
	765
	912
	766
	918
	768
	921
	769
	927
	770
	924
	771
	933
	773
	939
	774
	952
	778
	905
	959
	930
	839
	936
	844
	945
	967
	999
	1000
	949
	857
	947
	968
	1004
	1005
	957
	970
	1007
	1008
	955
	969
	1010
	1011
	637
	975
	633
	977
	641
	979
	645
	981
	653
	983
	649
	985
	667
	987
	675
	989
	696
	992
	664
	994
	672
	996
	693
	1001
	1028
	1029
	974
	1012
	976
	1013
	1032
	1033
	978
	1014
	1035
	1036
	980
	1017
	982
	1018
	984
	1019
	1040
	1041
	1042
	986
	1020
	988
	1021
	991
	1022
	997
	1025
	1051
	1052
	995
	1024
	1054
	1055
	1002
	1026
	1057
	1058
	1060
	1061
	1063
	1064
	1066
	1067
	1068
	1070
	1071
	1010
	1048
	1007
	1049
	1076
	1077
	1079
	1080
	1082
	1083
	1057
	1047
	1072
	1073
	1089
	1090
	1092
	1093
	1095
	1096
	1098
	1099
	1101
	1102
	1104
	1105
	1107
	1108
	1110
	1111
	1113
	1114
	1004
	1087
	1079
	1074
	1120
	1121
	1123
	1124
	1126
	1127
	1129
	1130
	1132
	1133
	1135
	1136
	1138
	1139
	1089
	590
	1098
	834
	1101
	836
	1086
	1116
	1151
	1152
	1028
	1118
	1155
	1156
	1158
	1159
	473
	1141
	1126
	1142
	1129
	1143
	726
	1145
	729
	1147
	1169
	1170
	1172
	1173
	1132
	1085
	1117
	1153
	1177
	1178
	1183
	1184
	1186
	1187
	1151
	1045
	1140
	1160
	1191
	1192
	1092
	1163
	1095
	1165
	1144
	1166
	1196
	1197
	1146
	1167
	1199
	1200
	1054
	1175
	1155
	1179
	1158
	1181
	999
	1189
	1177
	960
	1162
	1193
	1211
	1212
	1164
	1194
	1214
	1215
	1183
	1148
	1186
	1149
	1174
	1201
	1222
	1223
	1135
	1202
	1138
	1204
	1199
	772
	1188
	1207
	1229
	1230
	902
	1209
	1192
	267
	1233
	1234
	1196
	835
	1104
	1216
	1107
	1219
	1224
	1203
	1240
	1241
	1225
	1205
	1243
	1244
	1246
	1247
	1214
	1015
	1211
	1016
	660
	1227
	1222
	958
	1208
	1231
	1256
	1257
	658
	1235
	1237
	1217
	1260
	1261
	1238
	1220
	1263
	1264
	965
	1249
	962
	1251
	1226
	1252
	896
	1254
	1243
	1161
	1230
	266
	1273
	1274
	1240
	1180
	1278
	1279
	1281
	1282
	1284
	1285
	1236
	1258
	1287
	1288
	1248
	1265
	1250
	1266
	1291
	1292
	1263
	1206
	1253
	1268
	1123
	1270
	1257
	268
	1298
	1299
	1260
	1218
	1121
	1275
	1304
	1305
	1307
	1308
	1172
	1294
	1269
	1296
	1284
	616
	1281
	617
	1170
	1300
	1321
	1322
	1324
	1325
	1276
	1302
	1327
	1328
	1293
	1310
	509
	1315
	506
	1317
	1335
	1336
	1338
	1339
	1341
	1342
	1344
	1345
	1347
	1348
	1301
	1319
	1350
	1351
	1309
	430
	1353
	1354
	431
	1311
	1356
	1357
	1324
	614
	1321
	615
	1314
	1332
	1316
	1333
	1364
	1365
	1368
	1369
	1335
	1330
	1338
	1023
	1344
	909
	1341
	910
	503
	1359
	500
	1361
	1347
	1318
	1350
	1115
	1304
	1370
	1368
	1084
	972
	1372
	879
	1375
	876
	1377
	1358
	1378
	1360
	1379
	1395
	1396
	1398
	1399
	1401
	1402
	1287
	1381
	1076
	1383
	1387
	1371
	1051
	1388
	1390
	1373
	1374
	1391
	1376
	1392
	1410
	1411
	1403
	1382
	1414
	1415
	1404
	1384
	1417
	1418
	1406
	1389
	1407
	265
	1422
	1423
	1426
	1427
	1429
	1430
	1419
	263
	1434
	1435
	1420
	264
	1437
	1438
	1440
	1441
	1443
	1444
	1398
	1426
	1446
	1447
	1448
	1449
	1450
	1451
	1452
	1453
	1454
	1455
	1456
	1457
	1458
	1459
	1401
	1427
	1461
	1462
	1463
	1464
	1465
	1466
	1467
	1468
	1469
	1399
	1429
	1471
	1472
	1473
	1474
	1475
	1476
	1477
	1478
	1479
	1480
	1481
	1482
	1483
	1402
	1430
	1485
	1486
	1487
	1488
	1490
	1491
	1493
	1494
	1496
	1497
	1499
	1500
	1502
	1503
	1505
	1506
	1493
	612
	1490
	613
	1499
	907
	1496
	908
	1505
	610
	1502
	611
	497
	1508
	494
	1510
	873
	1512
	870
	1514
	491
	1516
	488
	1518
	1507
	1519
	1509
	1520
	1527
	1528
	1511
	1521
	1513
	1522
	1531
	1532
	1515
	1523
	1517
	1524
	1535
	1536
	1541
	1542
	1544
	1545
	1547
	1548
	783
	1532
	1550
	1551
	1553
	1554
	787
	1536
	1556
	1557
	1424
	1380
	1412
	1537
	599
	1539
	1538
	603
	1559
	1560
	1562
	1563
	1564
	1565
	1566
	1567
	1568
	1569
	1570
	1571
	1573
	1574
	1575
	1576
	1577
	1578
	1579
	1580
	1581
	1582
	1583
	1584
	1585
	1586
	1587
	1589
	1590
	1591
	1592
	1593
	1594
	1595
	1596
	1597
	1598
	1600
	1601
	1602
	1603
	1604
	1605
	1606
	1607
	1608
	1609
	1610
	1611
	1612
	1440
	1541
	1614
	1615
	1616
	1617
	1618
	1619
	1620
	1621
	1622
	1623
	1624
	1625
	1443
	1542
	1627
	1628
	1629
	1630
	1631
	1632
	1633
	1441
	1544
	1635
	1636
	1637
	1638
	1639
	1640
	1641
	1642
	1643
	1644
	1645
	1646
	1647
	1444
	1545
	1649
	1650
	1651
	1652
	1653
	1654
	1655
	1656
	311
	1559
	286
	287
	780
	1547
	782
	1548
	1660
	1661
	1662
	1663
	1664
	1665
	1666
	1667
	1668
	1669
	1670
	1671
	1672
	1673
	784
	1553
	786
	1554
	1676
	1677
	1678
	1679
	1680
	1681
	1682
	1683
	1684
	1685
	1686
	1687
	1688
	1689
	1690
	1691
	1563
	1590
	1636
	1447
	789
	1693
	1694
	1565
	1592
	1615
	1472
	790
	1696
	1697
	1567
	1594
	1617
	1462
	791
	1699
	1700
	1569
	1596
	1628
	1449
	792
	1702
	1703
	1582
	1598
	1652
	1466
	807
	1705
	1706
	1584
	1609
	1646
	1488
	812
	1708
	1709
	1586
	1611
	1656
	1482
	813
	1711
	1712
	1562
	1589
	1635
	1446
	797
	1714
	1715
	1564
	1591
	1614
	1471
	798
	1717
	1718
	1566
	1593
	1616
	1461
	799
	1720
	1721
	1568
	1595
	1627
	1448
	800
	1723
	1724
	1581
	1597
	1651
	1465
	815
	1726
	1727
	1583
	1608
	1645
	1487
	820
	1729
	1730
	1585
	1610
	1655
	1481
	821
	1732
	1733
	1571
	1677
	1638
	1474
	793
	1735
	1736
	1574
	1679
	1640
	1464
	794
	1738
	1739
	1576
	1681
	1650
	1451
	795
	1741
	1742
	1578
	1683
	1619
	1486
	796
	1744
	1745
	1580
	1685
	1630
	1476
	806
	1747
	1748
	1661
	1601
	1642
	1478
	808
	1750
	1751
	1663
	1603
	1644
	1468
	809
	1753
	1754
	1665
	1605
	1654
	1453
	810
	1756
	1757
	1667
	1607
	1632
	1480
	811
	1759
	1760
	1587
	1686
	1620
	1454
	624
	1668
	1612
	1621
	1455
	625
	1669
	1687
	1647
	1456
	626
	1670
	1688
	1622
	1483
	627
	1671
	1689
	1623
	1469
	628
	1672
	1690
	1633
	1457
	629
	1673
	1674
	1624
	1458
	630
	1658
	1691
	1625
	1459
	631
	1570
	1676
	1637
	1473
	801
	1770
	1771
	1573
	1678
	1639
	1463
	802
	1773
	1774
	1575
	1680
	1649
	1450
	803
	1776
	1777
	1577
	1682
	1618
	1485
	804
	1779
	1780
	1579
	1684
	1629
	1475
	814
	1782
	1783
	1660
	1600
	1641
	1477
	816
	1785
	1786
	1662
	1602
	1643
	1467
	817
	1788
	1789
	1664
	1604
	1653
	1452
	818
	1791
	1792
	1666
	1606
	1631
	1479
	819
	1794
	1795
	1714
	363
	1717
	364
	1720
	365
	1723
	366
	1726
	372
	1729
	377
	1732
	378
	1761
	1762
	1763
	1764
	1765
	1766
	1767
	1768
	316
	1797
	319
	1799
	322
	1801
	325
	1803
	1770
	367
	1773
	368
	1776
	369
	1779
	370
	1782
	371
	343
	1805
	1785
	373
	1788
	374
	1791
	375
	1794
	376
	358
	1807
	361
	1809
	1694
	1697
	1700
	1703
	1736
	1739
	1742
	1745
	1748
	1706
	1751
	1754
	1757
	1760
	1709
	1712
	1693
	1696
	1699
	1702
	1735
	1738
	1741
	1744
	1839
	1840
	1747
	1705
	1750
	1753
	1756
	1759
	1708
	1711
	1842
	1843
	1796
	1811
	1798
	1812
	1800
	1813
	1802
	1814
	328
	1816
	331
	1818
	334
	1820
	337
	1822
	340
	1824
	1804
	1825
	346
	1827
	349
	1829
	352
	1831
	355
	1833
	1806
	1834
	1808
	1835
	1836
	247
	1854
	1855
	1837
	248
	1857
	1858
	1815
	1844
	1817
	1845
	1819
	1846
	1821
	1847
	1823
	1848
	1826
	1849
	1828
	1850
	1830
	1851
	1832
	1852
	1840
	1843
	1810
	1839
	1842
	1861
	1862
	1863
	1864
	1865
	1866
	312
	1560
	151
	1859
	1854
	1385
	1857
	1386
	1657
	1867
	594
	256
	1861
	1873
	1874
	135
	257
	1862
	1876
	1877
	139
	259
	1864
	1879
	1880
	141
	260
	1865
	1882
	1883
	595
	261
	1866
	1885
	1886
	1353
	1869
	1356
	1871
	137
	258
	1863
	1890
	1891
	1868
	1887
	1893
	1894
	1870
	1888
	1896
	1897
	1873
	1431
	1876
	1432
	1879
	1313
	1882
	1271
	1885
	1331
	1890
	1366
	1414
	1903
	1417
	1904
	1278
	1905
	1246
	1906
	1307
	1907
	1893
	583
	1896
	584
	1327
	1908
	1910
	1898
	1911
	1899
	1912
	1900
	1913
	1901
	1914
	1902
	512
	1916
	515
	1918
	1919
	1909
	1928
	1929
	1920
	379
	380
	1921
	382
	1922
	1923
	383
	384
	1924
	1915
	1925
	1917
	1926
	1928
	990
	942
	1931
	1930
	1932
	1933
	381

33
	1
	2
	3
	4
	5
	6
	7
	8
	9
	10
	11
	12
	13
	14
	15
	16
	17
	18
	19
	20
	21
	22
	23
	24
	25
	26
	27
	28
	29
	30
	31
	32
	33

25
	34
	35
	36
	37
	38
	39
	40
	41
	42
	43
	44
	45
	46
	47
	48
	49
	50
	51
	52
	53
	54
	55
	56
	57
	58

0	0

0	0
