
2778
	0	1	1	1	587
	0	1	2	1	286
	0	1	3	1	587
	0	1	4	1	1939
	0	1	5	1	1943
	0	1	6	1	1951
	0	1	7	1	2188
	0	1	8	2	1
	3	1	8	1	726
	3	1	8	1	729
	0	1	9	2	3
	3	1	11	1	956
	3	1	11	1	957
	0	1	10	1	1190
	0	1	11	1	286
	0	1	12	2	5
	3	1	16	1	1913
	3	1	16	1	1924
	0	1	13	1	1937
	0	1	14	1	1941
	0	1	15	1	1945
	0	1	16	1	1947
	0	1	17	1	1949
	0	1	18	1	1953
	0	1	19	1	2256
	0	1	20	1	2260
	0	1	21	1	2264
	0	1	22	1	2270
	0	1	23	2	7
	3	1	29	1	2234
	3	1	29	1	2245
	0	1	24	1	2258
	0	1	25	1	2262
	0	1	26	1	2266
	0	1	27	1	2268
	0	1	28	1	196
	0	1	29	2	9
	3	1	37	1	512
	3	1	37	1	512
	0	1	30	2	11
	3	1	40	1	484
	3	1	40	1	496
	0	1	31	1	905
	0	1	32	2	13
	3	1	44	1	245
	3	1	44	1	1390
	0	1	33	1	1461
	0	1	34	1	1457
	0	1	35	1	1453
	0	1	36	1	1449
	0	1	37	1	1445
	0	1	38	1	917
	0	1	39	1	913
	0	1	40	1	909
	0	1	41	1	901
	0	1	42	1	906
	0	1	43	2	15
	3	1	57	1	264
	3	1	57	1	1392
	0	1	44	1	1462
	0	1	45	1	1458
	0	1	46	1	1450
	0	1	47	1	1446
	0	1	48	1	918
	0	1	49	1	914
	0	1	50	1	910
	0	1	51	1	902
	0	1	52	1	907
	0	1	53	2	17
	3	1	69	1	262
	3	1	69	1	1392
	0	1	54	1	1463
	0	1	55	1	1459
	0	1	56	1	1455
	0	1	57	1	1451
	0	1	58	1	1447
	0	1	59	1	919
	0	1	60	1	915
	0	1	61	1	911
	0	1	62	1	903
	0	1	63	1	904
	0	1	64	2	19
	3	1	82	1	247
	3	1	82	1	1390
	0	1	65	1	1460
	0	1	66	1	1456
	0	1	67	1	1452
	0	1	68	1	1448
	0	1	69	1	1444
	0	1	70	1	916
	0	1	71	1	912
	0	1	72	1	908
	0	1	73	1	900
	0	1	74	1	191
	0	1	75	1	1886
	0	1	76	2	21
	3	1	96	1	248
	3	1	96	1	1390
	0	1	77	1	1583
	0	1	78	1	1579
	0	1	79	1	1575
	0	1	80	1	1571
	0	1	81	1	1898
	0	1	82	1	1894
	0	1	83	1	1890
	0	1	84	1	1882
	0	1	85	1	1888
	0	1	86	2	23
	3	1	108	1	265
	3	1	108	1	1392
	0	1	87	1	1585
	0	1	88	1	1581
	0	1	89	1	1577
	0	1	90	1	1573
	0	1	91	1	1900
	0	1	92	1	1896
	0	1	93	1	1892
	0	1	94	1	1884
	0	1	95	1	1887
	0	1	96	2	25
	3	1	120	1	1392
	3	1	120	1	263
	0	1	97	1	1584
	0	1	98	1	1580
	0	1	99	1	1576
	0	1	100	1	1572
	0	1	101	1	1899
	0	1	102	1	1895
	0	1	103	1	1891
	0	1	104	1	1883
	0	1	105	1	1885
	0	1	106	2	27
	3	1	132	1	246
	3	1	132	1	1390
	0	1	107	1	1582
	0	1	108	1	1578
	0	1	109	1	1574
	0	1	110	1	1570
	0	1	111	1	1897
	0	1	112	1	1893
	0	1	113	1	1889
	0	1	114	1	1881
	-1	2	288	1	145
	3	1	942	1	145
	2	2	29	1	149
	3	1	920	1	148
	3	1	940	1	148
	2	2	31	1	149
	1	2	33	1	320
	3	1	604	1	152
	3	1	942	1	152
	2	2	35	1	156
	3	1	927	1	155
	3	1	940	1	155
	2	2	37	1	156
	1	2	39	1	321
	3	1	1736	1	158
	-3	1	157	1	322
	3	1	922	1	161
	3	1	940	1	161
	2	2	41	1	163
	3	1	942	1	163
	1	2	43	1	335
	2	2	885	1	166
	3	1	1386	1	166
	1	2	45	1	170
	2	2	887	1	169
	3	1	1385	1	169
	1	2	47	1	170
	-1	2	49	1	338
	3	1	2335	1	175
	3	1	2330	1	175
	3	1	2325	1	175
	3	1	2320	1	175
	2	4	51	1	176
	-3	1	175	1	341
	3	1	1593	1	178
	-3	1	177	1	342
	3	1	1596	1	180
	-3	1	179	1	343
	3	1	1590	1	182
	-3	1	181	1	344
	3	1	1466	1	184
	-3	1	183	1	345
	3	1	1464	1	186
	-3	1	185	1	346
	0	1	115	1	355
	3	1	937	1	189
	-3	1	188	1	356
	3	1	725	1	191
	2	2	55	1	361
	0	1	116	1	362
	3	1	510	1	196
	3	1	511	1	196
	3	1	596	1	196
	2	4	57	1	197
	-3	1	196	1	367
	0	1	117	1	368
	0	1	118	1	369
	0	1	119	1	370
	0	1	120	1	371
	0	1	121	1	372
	0	1	122	1	373
	0	1	123	1	374
	0	1	124	1	375
	0	1	125	1	376
	0	1	126	1	377
	3	1	510	1	212
	3	1	511	1	212
	3	1	596	1	212
	-3	1	587	1	212
	2	4	61	1	213
	-3	1	212	1	380
	0	1	127	1	381
	0	1	128	1	382
	0	1	129	1	383
	0	1	130	1	384
	0	1	131	1	385
	0	1	132	1	386
	0	1	133	1	387
	0	1	134	1	388
	0	1	135	1	389
	0	1	136	1	390
	0	1	137	1	391
	0	1	138	1	392
	0	1	139	1	393
	0	1	140	1	394
	0	1	141	1	399
	0	1	142	1	400
	0	1	143	1	401
	0	1	144	1	402
	0	1	145	1	403
	0	1	146	1	404
	0	1	147	1	405
	0	1	148	1	406
	0	1	149	1	407
	0	1	150	1	408
	0	1	151	1	409
	0	1	152	1	410
	0	1	153	1	411
	3	1	2350	1	243
	3	1	2188	1	243
	2	2	65	1	244
	-3	1	243	1	414
	-3	1	45	1	415
	-3	1	133	1	416
	-3	1	83	1	417
	-3	1	97	1	418
	3	1	2188	1	250
	-3	1	249	1	421
	3	1	1185	1	252
	-3	1	251	1	422
	3	1	2063	1	254
	-3	1	253	1	427
	3	1	1712	1	256
	-3	1	255	1	428
	3	1	503	1	258
	-3	1	257	1	431
	3	1	608	1	261
	3	1	2188	1	261
	-1	2	67	1	432
	-3	1	70	1	433
	-3	1	122	1	434
	-3	1	58	1	435
	-3	1	109	1	436
	0	1	154	1	441
	0	1	155	1	442
	0	1	156	1	443
	0	1	157	1	444
	0	1	158	1	445
	0	1	159	1	446
	0	1	160	1	447
	0	1	161	1	448
	0	1	162	1	449
	0	1	163	1	450
	0	1	164	1	451
	0	1	165	1	452
	0	1	166	1	453
	0	1	167	1	454
	0	1	168	1	455
	0	1	169	1	456
	0	1	170	1	457
	0	1	171	1	458
	0	1	172	1	459
	3	1	732	1	286
	2	3	69	1	287
	-3	1	286	1	460
	3	1	600	1	289
	-3	1	288	1	461
	0	1	173	1	462
	0	1	174	1	463
	0	1	175	1	464
	0	1	176	1	465
	0	1	177	1	466
	0	1	178	1	467
	0	1	179	1	468
	0	1	180	1	469
	0	1	181	1	470
	0	1	182	1	471
	0	1	183	1	472
	0	1	184	1	473
	0	1	185	1	474
	0	1	186	1	475
	0	1	187	1	476
	0	1	188	1	477
	0	1	189	1	478
	0	1	190	1	479
	3	1	973	1	309
	4	1	308	0	0
	3	1	971	1	311
	4	1	310	0	0
	3	1	972	1	313
	4	1	312	0	0
	3	1	1152	1	315
	4	1	314	0	0
	3	1	1161	1	317
	4	1	316	0	0
	3	1	1173	1	319
	4	1	318	0	0
	4	1	149	0	0
	4	1	156	0	0
	4	1	158	0	0
	3	1	970	1	324
	4	1	323	0	0
	3	1	973	1	326
	4	1	325	0	0
	3	1	1136	1	328
	4	1	327	0	0
	3	1	1144	1	330
	4	1	329	0	0
	3	1	1155	1	332
	4	1	331	0	0
	3	1	1167	1	334
	4	1	333	0	0
	4	1	163	0	0
	3	1	1185	1	337
	4	1	336	0	0
	4	1	170	0	0
	3	1	1736	1	340
	4	1	339	0	0
	4	1	176	0	0
	4	1	178	0	0
	4	1	180	0	0
	4	1	182	0	0
	4	1	184	0	0
	4	1	186	0	0
	3	1	596	1	348
	4	1	347	0	0
	3	1	972	1	350
	4	1	349	0	0
	3	1	971	1	352
	4	1	351	0	0
	3	1	600	1	354
	4	1	353	0	0
	4	1	187	0	0
	4	1	189	0	0
	3	1	1353	1	358
	4	1	357	0	0
	3	1	970	1	360
	4	1	359	0	0
	4	1	191	0	0
	4	1	192	0	0
	3	1	480	1	364
	4	1	363	0	0
	3	1	2314	1	366
	4	1	365	0	0
	4	1	197	0	0
	4	1	198	0	0
	4	1	199	0	0
	4	1	200	0	0
	4	1	201	0	0
	4	1	202	0	0
	4	1	203	0	0
	4	1	204	0	0
	4	1	205	0	0
	4	1	206	0	0
	4	1	207	0	0
	3	1	480	1	379
	4	1	378	0	0
	4	1	213	0	0
	4	1	214	0	0
	4	1	215	0	0
	4	1	216	0	0
	4	1	217	0	0
	4	1	218	0	0
	4	1	219	0	0
	4	1	220	0	0
	4	1	221	0	0
	4	1	222	0	0
	4	1	223	0	0
	4	1	224	0	0
	4	1	225	0	0
	4	1	226	0	0
	4	1	227	0	0
	3	1	1178	1	396
	4	1	395	0	0
	3	1	1178	1	398
	4	1	397	0	0
	4	1	228	0	0
	4	1	229	0	0
	4	1	230	0	0
	4	1	231	0	0
	4	1	232	0	0
	4	1	233	0	0
	4	1	234	0	0
	4	1	235	0	0
	4	1	236	0	0
	4	1	237	0	0
	4	1	238	0	0
	4	1	239	0	0
	4	1	240	0	0
	3	1	2314	1	413
	4	1	412	0	0
	4	1	244	0	0
	4	1	245	0	0
	4	1	246	0	0
	4	1	247	0	0
	4	1	248	0	0
	3	1	725	1	420
	4	1	419	0	0
	4	1	250	0	0
	4	1	252	0	0
	3	1	772	1	424
	4	1	423	0	0
	3	1	1120	1	426
	4	1	425	0	0
	4	1	254	0	0
	4	1	256	0	0
	3	1	1190	1	430
	4	1	429	0	0
	4	1	258	0	0
	4	1	261	0	0
	4	1	262	0	0
	4	1	263	0	0
	4	1	264	0	0
	4	1	265	0	0
	3	1	480	1	438
	4	1	437	0	0
	3	1	2314	1	440
	4	1	439	0	0
	4	1	266	0	0
	4	1	267	0	0
	4	1	268	0	0
	4	1	269	0	0
	4	1	270	0	0
	4	1	271	0	0
	4	1	272	0	0
	4	1	273	0	0
	4	1	274	0	0
	4	1	275	0	0
	4	1	276	0	0
	4	1	277	0	0
	4	1	278	0	0
	4	1	279	0	0
	4	1	280	0	0
	4	1	281	0	0
	4	1	282	0	0
	4	1	283	0	0
	4	1	284	0	0
	4	1	287	0	0
	4	1	289	0	0
	4	1	290	0	0
	4	1	291	0	0
	4	1	292	0	0
	4	1	293	0	0
	4	1	294	0	0
	4	1	295	0	0
	4	1	296	0	0
	4	1	297	0	0
	4	1	298	0	0
	4	1	299	0	0
	4	1	300	0	0
	4	1	301	0	0
	4	1	302	0	0
	4	1	303	0	0
	4	1	304	0	0
	4	1	305	0	0
	4	1	306	0	0
	4	1	307	0	0
	0	1	191	4	72
	3	1	480	1	725
	3	1	1521	1	484
	3	1	1519	1	484
	2	3	76	5	79
	3	1	484	1	1106
	3	1	484	1	1115
	3	1	484	1	841
	3	1	484	1	843
	3	1	484	1	490
	-3	1	489	2	84
	3	1	490	1	505
	3	1	490	1	1474
	3	1	1519	1	494
	-3	1	493	1	496
	3	1	1521	1	496
	2	3	86	2	89
	3	1	496	1	1394
	3	1	496	1	1395
	3	1	1383	1	501
	3	1	1387	1	501
	2	2	91	1	503
	3	1	1387	1	503
	1	2	93	2	95
	3	1	503	1	1184
	2	1	491	3	97
	3	1	505	1	2069
	3	1	505	1	2083
	3	1	505	1	1490
	3	1	732	1	510
	2	1	509	2	100
	0	1	192	2	102
	2	2	104	1	513
	-3	1	512	2	106
	3	1	513	1	772
	3	1	513	1	1120
	3	1	1173	1	518
	3	1	841	1	518
	2	2	108	1	520
	3	1	840	1	520
	2	2	110	1	521
	-3	1	520	2	112
	3	1	521	1	1011
	3	1	521	1	2485
	3	1	1901	1	526
	3	1	841	1	526
	2	2	114	1	528
	3	1	840	1	528
	2	2	116	1	529
	-3	1	528	2	118
	3	1	529	1	1009
	3	1	529	1	2481
	3	1	1904	1	534
	3	1	841	1	534
	2	2	120	1	536
	3	1	840	1	536
	2	2	122	1	537
	-3	1	536	2	124
	3	1	537	1	998
	3	1	537	1	2477
	3	1	1389	1	542
	3	1	841	1	542
	2	2	126	1	544
	3	1	840	1	544
	2	2	128	1	545
	-3	1	544	2	130
	3	1	545	1	986
	3	1	545	1	2473
	3	1	920	1	549
	2	1	548	2	132
	3	1	549	1	2455
	3	1	549	1	958
	2	2	414	1	554
	2	2	416	1	554
	1	2	134	1	556
	3	1	842	1	556
	2	2	136	1	557
	-3	1	556	2	138
	3	1	557	1	2501
	3	1	557	1	1068
	2	2	418	1	562
	2	2	420	1	562
	1	2	140	1	564
	3	1	842	1	564
	2	2	142	1	565
	-3	1	564	2	144
	3	1	565	1	1057
	3	1	565	1	2497
	3	1	1161	1	570
	3	1	847	1	570
	2	2	146	1	572
	3	1	842	1	572
	2	2	148	1	573
	-3	1	572	2	150
	3	1	573	1	1045
	3	1	573	1	2493
	3	1	1167	1	578
	3	1	847	1	578
	2	2	152	1	580
	3	1	842	1	580
	2	2	154	1	581
	-3	1	580	2	156
	3	1	581	1	1032
	3	1	581	1	2489
	0	1	193	2	158
	3	1	584	1	854
	3	1	584	1	1398
	2	2	160	1	211
	3	1	2350	1	590
	-3	1	1391	1	590
	2	2	162	1	591
	-3	1	590	1	596
	3	1	608	1	594
	-3	1	1393	1	594
	2	2	164	1	595
	-3	1	594	1	596
	2	2	166	4	168
	3	1	596	1	1185
	3	1	1392	1	600
	3	1	1390	1	600
	2	2	172	2	174
	0	1	194	1	602
	-3	1	601	1	604
	3	1	932	1	604
	-1	2	176	4	178
	3	1	604	1	2431
	3	1	604	1	644
	3	1	604	1	961
	0	1	195	2	182
	3	1	2353	1	611
	-3	1	2352	1	611
	-1	2	184	1	615
	3	1	2351	1	614
	-3	1	2354	1	614
	-1	2	186	1	615
	-1	2	188	3	190
	3	1	615	1	692
	3	1	615	1	690
	3	1	615	1	619
	-3	1	618	2	193
	3	1	619	1	693
	3	1	619	1	689
	3	1	2357	1	624
	-3	1	2356	1	624
	-1	2	195	1	628
	3	1	2355	1	627
	-3	1	2358	1	627
	-1	2	197	1	628
	-1	2	199	3	201
	3	1	628	1	689
	3	1	628	1	690
	3	1	628	1	632
	-3	1	631	2	204
	3	1	632	1	692
	3	1	632	1	693
	3	1	2361	1	637
	-3	1	2360	1	637
	-1	2	206	1	641
	3	1	2359	1	640
	-3	1	2362	1	640
	-1	2	208	1	641
	-1	2	210	2	212
	3	1	641	1	677
	3	1	641	1	673
	2	1	606	3	214
	3	1	644	1	698
	3	1	644	1	696
	3	1	644	1	648
	-3	1	647	2	217
	3	1	648	1	695
	3	1	648	1	699
	3	1	2395	1	653
	-3	1	2394	1	653
	-1	2	219	1	657
	3	1	2393	1	656
	-3	1	2396	1	656
	-1	2	221	1	657
	-1	2	223	3	225
	3	1	657	1	695
	3	1	657	1	696
	3	1	657	1	661
	-3	1	660	2	228
	3	1	661	1	698
	3	1	661	1	699
	3	1	2399	1	666
	-3	1	2398	1	666
	-1	2	230	1	670
	3	1	2397	1	669
	-3	1	2400	1	669
	-1	2	232	1	670
	-1	2	234	2	236
	3	1	670	1	681
	3	1	670	1	685
	2	1	643	2	238
	3	1	673	1	690
	3	1	673	1	676
	-3	1	675	1	689
	2	1	642	2	240
	3	1	677	1	693
	3	1	677	1	680
	-3	1	679	1	692
	2	1	671	2	242
	3	1	681	1	696
	3	1	681	1	684
	-3	1	683	1	695
	2	1	672	2	244
	3	1	685	1	699
	3	1	685	1	688
	-3	1	687	1	698
	2	3	246	1	691
	2	3	249	1	691
	-2	2	252	1	2451
	2	3	254	1	694
	2	3	257	1	694
	-2	2	260	1	2451
	2	3	262	1	697
	2	3	265	1	697
	-2	2	268	1	2459
	2	3	270	1	700
	2	3	273	1	700
	-2	2	276	1	2459
	3	1	2453	1	703
	-3	1	2452	1	703
	-1	2	278	1	707
	3	1	2451	1	706
	-3	1	2454	1	706
	-1	2	280	1	707
	-1	2	282	1	708
	-3	1	707	1	1120
	3	1	2457	1	711
	-3	1	2456	1	711
	-1	2	284	1	143
	3	1	2455	1	714
	-3	1	2458	1	714
	-1	2	286	1	143
	3	1	2461	1	717
	-3	1	2460	1	717
	-1	2	290	1	721
	3	1	2459	1	720
	-3	1	2462	1	720
	-1	2	292	1	721
	-1	2	294	1	959
	0	1	196	2	296
	3	1	722	1	877
	3	1	722	1	1421
	2	1	481	2	298
	2	1	9	2	300
	3	1	726	1	842
	3	1	726	1	1105
	2	1	10	2	302
	3	1	729	1	2064
	3	1	729	1	2126
	0	1	197	3	304
	3	1	732	1	2188
	3	1	2465	1	736
	-3	1	2464	1	736
	-1	2	307	1	740
	3	1	2463	1	739
	-3	1	2466	1	739
	-1	2	309	1	740
	-1	2	311	2	313
	3	1	740	1	758
	3	1	740	1	762
	3	1	1512	1	745
	3	1	1138	1	745
	2	2	315	1	767
	3	1	1510	1	748
	3	1	1130	1	748
	2	2	317	1	758
	3	1	2232	1	751
	3	1	1495	1	751
	2	2	319	1	755
	3	1	1481	1	754
	3	1	1490	1	754
	2	2	321	1	755
	1	2	323	1	757
	3	1	1126	1	757
	2	2	325	1	762
	2	2	327	1	767
	-1	2	334	1	761
	-1	2	336	1	761
	-1	2	329	1	762
	2	3	331	1	767
	3	1	2469	1	759
	-3	1	2468	1	759
	3	1	2467	1	760
	-3	1	2470	1	760
	1	3	338	1	1094
	-1	2	1978	1	770
	-1	2	1980	1	770
	-1	2	341	1	771
	-3	1	770	1	772
	2	2	343	2	345
	3	1	772	1	774
	-3	1	773	1	1180
	2	2	793	1	777
	2	2	795	1	777
	1	2	347	1	779
	3	1	1105	1	779
	2	2	349	1	780
	-3	1	779	2	351
	3	1	780	1	2545
	3	1	780	1	1320
	2	2	797	1	785
	2	2	799	1	785
	1	2	353	1	787
	3	1	1105	1	787
	2	2	355	1	788
	-3	1	787	2	357
	3	1	788	1	1309
	3	1	788	1	2541
	3	1	1161	1	793
	3	1	1110	1	793
	2	2	359	1	795
	3	1	1105	1	795
	2	2	361	1	796
	-3	1	795	2	363
	3	1	796	1	1297
	3	1	796	1	2537
	3	1	1167	1	801
	3	1	1110	1	801
	2	2	365	1	803
	3	1	1105	1	803
	2	2	367	1	804
	-3	1	803	2	369
	3	1	804	1	1284
	3	1	804	1	2533
	3	1	1173	1	809
	3	1	1115	1	809
	2	2	371	1	811
	3	1	1114	1	811
	2	2	373	1	812
	-3	1	811	2	375
	3	1	812	1	1263
	3	1	812	1	2529
	3	1	1901	1	817
	3	1	1115	1	817
	2	2	377	1	819
	3	1	1114	1	819
	2	2	379	1	820
	-3	1	819	2	381
	3	1	820	1	1261
	3	1	820	1	2525
	3	1	1904	1	825
	3	1	1115	1	825
	2	2	383	1	827
	3	1	1114	1	827
	2	2	385	1	828
	-3	1	827	2	387
	3	1	828	1	1250
	3	1	828	1	2521
	3	1	1389	1	833
	3	1	1115	1	833
	2	2	389	1	835
	3	1	1114	1	835
	2	2	391	1	836
	-3	1	835	2	393
	3	1	836	1	1238
	3	1	836	1	2517
	3	1	1394	1	840
	2	1	839	4	395
	-3	1	487	4	399
	2	1	727	4	403
	2	1	488	3	407
	3	1	843	1	561
	3	1	843	1	553
	3	1	843	1	847
	-3	1	846	4	410
	3	1	847	1	552
	3	1	847	1	560
	3	1	1152	1	552
	3	1	1152	1	553
	3	1	1155	1	560
	3	1	1155	1	561
	2	1	585	11	422
	3	1	854	1	905
	3	1	854	1	907
	3	1	854	1	901
	3	1	854	1	903
	3	1	854	1	917
	3	1	854	1	919
	3	1	854	1	913
	3	1	854	1	915
	3	1	854	1	909
	3	1	854	1	911
	3	1	854	1	866
	-3	1	865	10	433
	3	1	866	1	900
	3	1	866	1	902
	3	1	866	1	904
	3	1	866	1	906
	3	1	866	1	908
	3	1	866	1	910
	3	1	866	1	912
	3	1	866	1	914
	3	1	866	1	916
	3	1	866	1	918
	2	1	723	11	443
	3	1	877	1	906
	3	1	877	1	907
	3	1	877	1	902
	3	1	877	1	903
	3	1	877	1	918
	3	1	877	1	914
	3	1	877	1	915
	3	1	877	1	910
	3	1	877	1	911
	3	1	877	1	919
	3	1	877	1	889
	-3	1	888	10	454
	3	1	889	1	900
	3	1	889	1	901
	3	1	889	1	904
	3	1	889	1	905
	3	1	889	1	908
	3	1	889	1	909
	3	1	889	1	912
	3	1	889	1	913
	3	1	889	1	916
	3	1	889	1	917
	2	3	464	1	920
	2	3	467	1	920
	2	3	470	1	920
	2	3	473	1	920
	2	3	476	1	922
	2	3	479	1	922
	2	3	482	1	922
	2	3	485	1	922
	2	3	488	1	927
	2	3	491	1	927
	2	3	494	1	927
	2	3	497	1	927
	2	3	500	1	934
	2	3	503	1	934
	2	3	506	1	934
	2	3	509	1	934
	2	3	512	1	937
	2	3	515	1	937
	2	3	518	1	937
	2	3	521	1	937
	1	4	524	3	528
	3	1	920	1	1123
	1	4	531	5	535
	3	1	922	1	960
	3	1	922	1	1126
	3	1	922	1	1938
	3	1	922	1	2386
	1	4	540	5	544
	3	1	927	1	962
	3	1	927	1	1130
	3	1	927	1	1940
	3	1	927	1	932
	-3	1	931	2	549
	3	1	932	1	2383
	1	4	551	2	555
	3	1	934	1	1136
	3	1	934	1	1942
	1	4	557	3	561
	3	1	937	1	1144
	3	1	937	1	1944
	0	1	198	4	564
	3	1	940	1	942
	-3	1	941	3	568
	0	1	199	6	571
	3	1	943	1	961
	3	1	943	1	959
	3	1	943	1	957
	3	1	943	1	968
	3	1	943	1	964
	3	1	943	1	950
	-3	1	949	5	577
	3	1	950	1	956
	3	1	950	1	958
	3	1	950	1	960
	3	1	950	1	962
	3	1	950	1	966
	2	2	582	1	969
	2	2	584	1	969
	2	2	586	1	970
	2	2	588	1	970
	2	2	590	1	971
	2	2	592	1	971
	2	2	594	1	972
	3	1	1144	1	964
	2	2	596	1	972
	3	1	1136	1	966
	2	2	598	1	973
	3	1	1464	1	968
	2	2	600	1	973
	1	2	602	1	1736
	1	2	604	2	606
	1	2	608	2	610
	1	2	612	2	614
	1	2	616	2	618
	3	1	2473	1	976
	-3	1	2472	1	976
	-1	2	620	1	980
	3	1	2471	1	979
	-3	1	2474	1	979
	-1	2	622	1	980
	-1	2	624	4	626
	3	1	980	1	1081
	3	1	980	1	1082
	3	1	980	1	1083
	3	1	980	1	1079
	3	1	2124	1	986
	2	2	630	1	1084
	3	1	2477	1	989
	-3	1	2476	1	989
	-1	2	632	1	993
	3	1	2475	1	992
	-3	1	2478	1	992
	-1	2	634	1	993
	-1	2	636	3	638
	3	1	993	1	1082
	3	1	993	1	1083
	3	1	993	1	1079
	3	1	2122	1	998
	2	2	641	1	1081
	3	1	2481	1	1001
	-3	1	2480	1	1001
	-1	2	643	1	1005
	3	1	2479	1	1004
	-3	1	2482	1	1004
	-1	2	645	1	1005
	-1	2	647	2	649
	3	1	1005	1	1079
	3	1	1005	1	1083
	3	1	2120	1	1009
	2	2	651	1	1082
	3	1	2118	1	1011
	2	2	653	1	1083
	3	1	2485	1	1014
	-3	1	2484	1	1014
	-1	2	655	1	1018
	3	1	2483	1	1017
	-3	1	2486	1	1017
	-1	2	657	1	1018
	-1	2	659	1	1079
	3	1	2489	1	1021
	-3	1	2488	1	1021
	-1	2	661	1	1025
	3	1	2487	1	1024
	-3	1	2490	1	1024
	-1	2	663	1	1025
	-1	2	665	5	667
	3	1	1025	1	1088
	3	1	1025	1	1089
	3	1	1025	1	1090
	3	1	1025	1	1091
	3	1	1025	1	1092
	3	1	2116	1	1032
	2	2	672	1	1093
	3	1	2493	1	1035
	-3	1	2492	1	1035
	-1	2	674	1	1039
	3	1	2491	1	1038
	-3	1	2494	1	1038
	-1	2	676	1	1039
	-1	2	678	4	680
	3	1	1039	1	1090
	3	1	1039	1	1091
	3	1	1039	1	1092
	3	1	1039	1	1088
	3	1	2114	1	1045
	2	2	684	1	1089
	3	1	2497	1	1048
	-3	1	2496	1	1048
	-1	2	686	1	1052
	3	1	2495	1	1051
	-3	1	2498	1	1051
	-1	2	688	1	1052
	-1	2	690	3	692
	3	1	1052	1	1091
	3	1	1052	1	1092
	3	1	1052	1	1088
	3	1	2112	1	1057
	2	2	695	1	1090
	3	1	2501	1	1060
	-3	1	2500	1	1060
	-1	2	697	1	1064
	3	1	2499	1	1063
	-3	1	2502	1	1063
	-1	2	699	1	1064
	-1	2	701	2	703
	3	1	1064	1	1088
	3	1	1064	1	1092
	3	1	2110	1	1068
	2	2	705	1	1091
	3	1	2505	1	1071
	-3	1	2504	1	1071
	-1	2	707	1	1075
	3	1	2503	1	1074
	-3	1	2506	1	1074
	-1	2	709	1	1075
	-1	2	711	1	1088
	3	1	1514	1	1078
	3	1	1146	1	1078
	2	2	713	1	1092
	2	4	715	1	1080
	-3	1	1079	1	1099
	2	2	719	1	1084
	2	3	721	1	1084
	2	4	724	1	1084
	1	4	728	2	732
	3	1	1084	1	1100
	3	1	1084	1	1087
	-3	1	1086	1	1099
	2	5	734	1	1094
	2	2	739	1	1093
	2	3	741	1	1093
	2	4	744	1	1093
	2	5	748	1	1093
	1	5	753	1	1095
	2	2	758	1	1095
	1	2	760	2	762
	3	1	1095	1	1101
	3	1	1095	1	1098
	-3	1	1097	1	1100
	-1	2	764	1	1101
	2	2	766	1	1102
	2	2	768	1	1102
	1	2	770	2	772
	3	1	1102	1	1366
	3	1	1102	1	1382
	2	1	728	4	774
	2	1	485	3	778
	3	1	1106	1	776
	3	1	1106	1	784
	3	1	1106	1	1110
	-3	1	1109	4	781
	3	1	1110	1	775
	3	1	1110	1	783
	3	1	1394	1	1114
	2	1	1113	4	785
	-3	1	486	4	789
	3	1	1152	1	775
	3	1	1152	1	776
	3	1	1155	1	783
	3	1	1155	1	784
	2	2	801	2	803
	3	1	1120	1	1122
	-3	1	1121	1	1180
	-3	1	921	2	805
	3	1	1123	1	2353
	3	1	1123	1	2395
	-3	1	924	4	807
	3	1	1126	1	1215
	3	1	1126	1	2351
	3	1	1126	1	2393
	-3	1	929	6	811
	3	1	1130	1	1207
	3	1	1130	1	2513
	3	1	1130	1	2357
	3	1	1130	1	2469
	3	1	1130	1	2399
	2	1	935	3	817
	3	1	1136	1	1138
	-3	1	1137	6	820
	3	1	1138	1	1205
	3	1	1138	1	2509
	3	1	1138	1	2355
	3	1	1138	1	2465
	3	1	1138	1	2397
	2	1	938	3	826
	3	1	1144	1	1146
	-3	1	1145	5	829
	3	1	1146	1	1329
	3	1	1146	1	2549
	3	1	1146	1	2505
	3	1	1146	1	2361
	3	1	1464	1	1152
	2	1	1151	6	834
	3	1	1152	1	2359
	3	1	1466	1	1155
	2	1	1154	6	840
	3	1	1155	1	1157
	-3	1	1156	2	846
	3	1	1157	1	2366
	3	1	1157	1	2404
	3	1	1468	1	1161
	2	1	1160	4	848
	3	1	1161	1	1163
	-3	1	1162	2	852
	3	1	1163	1	2363
	3	1	1163	1	2401
	3	1	1470	1	1167
	2	1	1166	4	854
	3	1	1167	1	1169
	-3	1	1168	2	858
	3	1	1169	1	2376
	3	1	1169	1	2414
	3	1	1472	1	1173
	2	1	1172	4	860
	3	1	1173	1	1175
	-3	1	1174	2	864
	3	1	1175	1	2373
	3	1	1175	1	2411
	0	1	200	2	866
	3	1	2063	1	1180
	2	3	868	1	1185
	3	1	1190	1	1182
	-3	1	1181	1	1184
	3	1	1712	1	1184
	2	3	871	1	1185
	2	3	874	2	877
	-1	2	1560	1	1188
	-1	2	1562	1	1188
	-1	2	879	1	1189
	-3	1	1188	1	1190
	2	2	881	2	883
	3	1	1379	1	164
	3	1	1386	1	164
	3	1	1373	1	167
	3	1	1385	1	167
	3	1	2509	1	1197
	-3	1	2508	1	1197
	-1	2	889	1	1201
	3	1	2507	1	1200
	-3	1	2510	1	1200
	-1	2	891	1	1201
	-1	2	893	2	895
	3	1	1201	1	1216
	3	1	1201	1	1220
	3	1	1829	1	1205
	2	2	897	1	1225
	3	1	1827	1	1207
	2	2	899	1	1216
	3	1	2232	1	1210
	3	1	1812	1	1210
	2	2	901	1	1214
	3	1	1481	1	1213
	3	1	1807	1	1213
	2	2	903	1	1214
	1	2	905	1	1215
	2	2	907	1	1220
	2	2	909	1	1225
	-1	2	916	1	1219
	-1	2	918	1	1219
	-1	2	911	1	1220
	2	3	913	1	1225
	3	1	2513	1	1217
	-3	1	2512	1	1217
	3	1	2511	1	1218
	-3	1	2514	1	1218
	1	3	920	1	1345
	3	1	2517	1	1228
	-3	1	2516	1	1228
	-1	2	923	1	1232
	3	1	2515	1	1231
	-3	1	2518	1	1231
	-1	2	925	1	1232
	-1	2	927	4	929
	3	1	1232	1	1332
	3	1	1232	1	1333
	3	1	1232	1	1334
	3	1	1232	1	1330
	3	1	2186	1	1238
	2	2	933	1	1335
	3	1	2521	1	1241
	-3	1	2520	1	1241
	-1	2	935	1	1245
	3	1	2519	1	1244
	-3	1	2522	1	1244
	-1	2	937	1	1245
	-1	2	939	3	941
	3	1	1245	1	1333
	3	1	1245	1	1334
	3	1	1245	1	1330
	3	1	2184	1	1250
	2	2	944	1	1332
	3	1	2525	1	1253
	-3	1	2524	1	1253
	-1	2	946	1	1257
	3	1	2523	1	1256
	-3	1	2526	1	1256
	-1	2	948	1	1257
	-1	2	950	2	952
	3	1	1257	1	1330
	3	1	1257	1	1334
	3	1	2182	1	1261
	2	2	954	1	1333
	3	1	2180	1	1263
	2	2	956	1	1334
	3	1	2529	1	1266
	-3	1	2528	1	1266
	-1	2	958	1	1270
	3	1	2527	1	1269
	-3	1	2530	1	1269
	-1	2	960	1	1270
	-1	2	962	1	1330
	3	1	2533	1	1273
	-3	1	2532	1	1273
	-1	2	964	1	1277
	3	1	2531	1	1276
	-3	1	2534	1	1276
	-1	2	966	1	1277
	-1	2	968	5	970
	3	1	1277	1	1339
	3	1	1277	1	1340
	3	1	1277	1	1341
	3	1	1277	1	1342
	3	1	1277	1	1343
	3	1	2178	1	1284
	2	2	975	1	1344
	3	1	2537	1	1287
	-3	1	2536	1	1287
	-1	2	977	1	1291
	3	1	2535	1	1290
	-3	1	2538	1	1290
	-1	2	979	1	1291
	-1	2	981	4	983
	3	1	1291	1	1341
	3	1	1291	1	1342
	3	1	1291	1	1343
	3	1	1291	1	1339
	3	1	2176	1	1297
	2	2	987	1	1340
	3	1	2541	1	1300
	-3	1	2540	1	1300
	-1	2	989	1	1304
	3	1	2539	1	1303
	-3	1	2542	1	1303
	-1	2	991	1	1304
	-1	2	993	3	995
	3	1	1304	1	1342
	3	1	1304	1	1343
	3	1	1304	1	1339
	3	1	2174	1	1309
	2	2	998	1	1341
	3	1	2545	1	1312
	-3	1	2544	1	1312
	-1	2	1000	1	1316
	3	1	2543	1	1315
	-3	1	2546	1	1315
	-1	2	1002	1	1316
	-1	2	1004	2	1006
	3	1	1316	1	1339
	3	1	1316	1	1343
	3	1	2172	1	1320
	2	2	1008	1	1342
	3	1	2549	1	1323
	-3	1	2548	1	1323
	-1	2	1010	1	1327
	3	1	2547	1	1326
	-3	1	2550	1	1326
	-1	2	1012	1	1327
	-1	2	1014	1	1339
	3	1	1831	1	1329
	2	2	1016	1	1343
	2	4	1018	1	1331
	-3	1	1330	1	1350
	2	2	1022	1	1335
	2	3	1024	1	1335
	2	4	1027	1	1335
	1	4	1031	2	1035
	3	1	1335	1	1351
	3	1	1335	1	1338
	-3	1	1337	1	1350
	2	5	1037	1	1345
	2	2	1042	1	1344
	2	3	1044	1	1344
	2	4	1047	1	1344
	2	5	1051	1	1344
	1	5	1056	1	1346
	2	2	1061	1	1346
	1	2	1063	2	1065
	3	1	1346	1	1352
	3	1	1346	1	1349
	-3	1	1348	1	1351
	-1	2	1067	1	1352
	2	2	1069	1	1353
	2	2	1071	1	1353
	1	2	1073	3	1075
	3	1	1353	1	1366
	3	1	1353	1	1381
	3	1	2343	1	1358
	3	1	1599	1	1358
	-1	2	1078	2	1080
	3	1	1358	1	1370
	3	1	1358	1	1372
	3	1	2347	1	1363
	3	1	1602	1	1363
	-1	2	1082	2	1084
	3	1	1363	1	1376
	3	1	1363	1	1378
	-1	2	1086	2	1088
	3	1	1366	1	1381
	3	1	1366	1	1382
	3	1	2343	1	1370
	2	2	1090	1	1373
	3	1	1599	1	1372
	2	2	1092	1	1373
	1	2	1094	2	1096
	3	1	1373	1	1385
	3	1	2347	1	1376
	2	2	1098	1	1379
	3	1	1602	1	1378
	2	2	1100	1	1379
	1	2	1102	2	1104
	3	1	1379	1	1386
	2	2	1106	1	1383
	2	2	1108	1	1383
	1	2	1110	2	1112
	3	1	1383	1	1387
	-3	1	1374	2	1114
	-3	1	1380	2	1116
	-3	1	1384	2	1118
	3	1	1907	1	1389
	1	1	1388	2	1120
	2	4	1122	2	1126
	3	1	1390	1	589
	2	4	1128	2	1132
	3	1	1392	1	593
	2	1	497	2	1134
	2	1	498	2	1136
	3	1	1395	1	2078
	3	1	1395	1	2140
	2	1	586	11	1138
	3	1	1398	1	1449
	3	1	1398	1	1451
	3	1	1398	1	1445
	3	1	1398	1	1447
	3	1	1398	1	1461
	3	1	1398	1	1463
	3	1	1398	1	1457
	3	1	1398	1	1459
	3	1	1398	1	1453
	3	1	1398	1	1455
	3	1	1398	1	1410
	-3	1	1409	10	1149
	3	1	1410	1	1444
	3	1	1410	1	1446
	3	1	1410	1	1448
	3	1	1410	1	1450
	3	1	1410	1	1452
	3	1	1410	1	1454
	3	1	1410	1	1456
	3	1	1410	1	1458
	3	1	1410	1	1460
	3	1	1410	1	1462
	2	1	724	11	1159
	3	1	1421	1	1450
	3	1	1421	1	1451
	3	1	1421	1	1446
	3	1	1421	1	1447
	3	1	1421	1	1462
	3	1	1421	1	1458
	3	1	1421	1	1459
	3	1	1421	1	1454
	3	1	1421	1	1455
	3	1	1421	1	1463
	3	1	1421	1	1433
	-3	1	1432	10	1170
	3	1	1433	1	1444
	3	1	1433	1	1445
	3	1	1433	1	1448
	3	1	1433	1	1449
	3	1	1433	1	1452
	3	1	1433	1	1453
	3	1	1433	1	1456
	3	1	1433	1	1457
	3	1	1433	1	1460
	3	1	1433	1	1461
	2	3	1180	1	1464
	2	3	1183	1	1464
	2	3	1186	1	1464
	2	3	1189	1	1464
	2	3	1192	1	1466
	2	3	1195	1	1466
	2	3	1198	1	1466
	2	3	1201	1	1466
	2	3	1204	1	1468
	2	3	1207	1	1468
	2	2	1210	1	1468
	2	3	1212	1	1468
	2	3	1215	1	1470
	2	3	1218	1	1470
	2	3	1221	1	1470
	2	3	1224	1	1470
	2	3	1227	1	1472
	2	3	1230	1	1472
	2	3	1233	1	1472
	2	3	1236	1	1472
	1	4	1239	4	1243
	3	1	1464	1	1946
	1	4	1247	3	1251
	3	1	1466	1	1948
	1	4	1254	2	1258
	3	1	1468	1	1950
	1	4	1260	2	1264
	3	1	1470	1	1952
	1	4	1266	2	1270
	3	1	1472	1	1954
	2	1	492	3	1272
	3	1	1474	1	2131
	3	1	1474	1	2145
	3	1	1474	1	1807
	0	1	201	2	1275
	3	1	1478	1	2576
	3	1	1478	1	1481
	-3	1	1480	3	1277
	3	1	1481	1	2643
	0	1	202	2	1280
	3	1	1483	1	2573
	3	1	1483	1	1486
	-3	1	1485	3	1282
	3	1	1486	1	1818
	3	1	1486	1	1501
	3	1	1486	1	2647
	2	1	508	5	1285
	3	1	1490	1	1501
	3	1	1490	1	1509
	3	1	1490	1	1505
	3	1	1490	1	1495
	-3	1	1494	4	1290
	3	1	1495	1	1500
	3	1	1495	1	1503
	3	1	1495	1	1507
	3	1	2318	1	1500
	2	2	1294	1	1510
	2	2	1296	1	1510
	3	1	2323	1	1503
	2	2	1298	1	1512
	3	1	2192	1	1505
	2	2	1300	1	1512
	3	1	2328	1	1507
	2	2	1302	1	1514
	3	1	2197	1	1509
	2	2	1304	1	1514
	1	2	1306	2	1308
	3	1	1510	1	2467
	1	2	1310	2	1312
	3	1	1512	1	2463
	1	2	1314	2	1316
	3	1	1514	1	2503
	0	1	203	1	1517
	-3	1	1516	1	1519
	3	1	1590	1	1519
	2	2	1318	2	1320
	3	1	1593	1	1521
	-3	1	1520	2	1322
	3	1	2348	1	1523
	2	1	1522	11	1324
	3	1	1523	1	1575
	3	1	1523	1	1577
	3	1	1523	1	1571
	3	1	1523	1	1573
	3	1	1523	1	1587
	3	1	1523	1	1589
	3	1	1523	1	1583
	3	1	1523	1	1585
	3	1	1523	1	1579
	3	1	1523	1	1581
	3	1	1523	1	1535
	-3	1	1534	10	1335
	3	1	1535	1	1570
	3	1	1535	1	1572
	3	1	1535	1	1574
	3	1	1535	1	1576
	3	1	1535	1	1578
	3	1	1535	1	1580
	3	1	1535	1	1582
	3	1	1535	1	1584
	3	1	1535	1	1586
	3	1	1535	1	1588
	3	1	2349	1	1547
	2	1	1546	11	1345
	3	1	1547	1	1576
	3	1	1547	1	1577
	3	1	1547	1	1572
	3	1	1547	1	1573
	3	1	1547	1	1588
	3	1	1547	1	1584
	3	1	1547	1	1585
	3	1	1547	1	1580
	3	1	1547	1	1581
	3	1	1547	1	1589
	3	1	1547	1	1559
	-3	1	1558	10	1356
	3	1	1559	1	1570
	3	1	1559	1	1571
	3	1	1559	1	1574
	3	1	1559	1	1575
	3	1	1559	1	1578
	3	1	1559	1	1579
	3	1	1559	1	1582
	3	1	1559	1	1583
	3	1	1559	1	1586
	3	1	1559	1	1587
	2	3	1366	1	1590
	2	3	1369	1	1590
	2	3	1372	1	1590
	2	3	1375	1	1590
	2	3	1378	1	1593
	2	3	1381	1	1593
	2	3	1384	1	1593
	2	3	1387	1	1593
	2	3	1390	1	1596
	2	3	1393	1	1596
	2	3	1396	1	1596
	2	3	1399	1	1596
	2	3	1402	1	1599
	2	3	1405	1	1599
	2	3	1408	1	1599
	2	3	1411	1	1599
	2	2	1414	1	1602
	2	2	1416	1	1602
	2	2	1418	1	1602
	2	2	1420	1	1602
	1	4	1422	4	1426
	3	1	1590	1	2691
	3	1	1590	1	2265
	1	4	1430	4	1434
	3	1	1593	1	2267
	3	1	1593	1	2698
	1	4	1438	3	1442
	3	1	1596	1	2695
	3	1	1596	1	2269
	1	4	1445	4	1449
	3	1	1599	1	2271
	3	1	1599	1	2708
	1	4	1453	3	1457
	3	1	1602	1	2705
	3	1	2553	1	1606
	-3	1	2552	1	1606
	-1	2	1460	1	1610
	3	1	2551	1	1609
	-3	1	2554	1	1609
	-1	2	1462	1	1610
	-1	2	1464	3	1466
	3	1	1610	1	1693
	3	1	1610	1	1691
	3	1	1610	1	1614
	-3	1	1613	2	1469
	3	1	1614	1	1694
	3	1	1614	1	1690
	3	1	2557	1	1619
	-3	1	2556	1	1619
	-1	2	1471	1	1623
	3	1	2555	1	1622
	-3	1	2558	1	1622
	-1	2	1473	1	1623
	-1	2	1475	3	1477
	3	1	1623	1	1690
	3	1	1623	1	1691
	3	1	1623	1	1627
	-3	1	1626	2	1480
	3	1	1627	1	1693
	3	1	1627	1	1694
	3	1	2561	1	1632
	-3	1	2560	1	1632
	-1	2	1482	1	1636
	3	1	2559	1	1635
	-3	1	2562	1	1635
	-1	2	1484	1	1636
	-1	2	1486	2	1488
	3	1	1636	1	1678
	3	1	1636	1	1674
	3	1	2585	1	1641
	-3	1	2584	1	1641
	-1	2	1490	1	1645
	3	1	2583	1	1644
	-3	1	2586	1	1644
	-1	2	1492	1	1645
	-1	2	1494	3	1496
	3	1	1645	1	1699
	3	1	1645	1	1697
	3	1	1645	1	1649
	-3	1	1648	2	1499
	3	1	1649	1	1696
	3	1	1649	1	1700
	3	1	2589	1	1654
	-3	1	2588	1	1654
	-1	2	1501	1	1658
	3	1	2587	1	1657
	-3	1	2590	1	1657
	-1	2	1503	1	1658
	-1	2	1505	3	1507
	3	1	1658	1	1696
	3	1	1658	1	1697
	3	1	1658	1	1662
	-3	1	1661	2	1510
	3	1	1662	1	1699
	3	1	1662	1	1700
	3	1	2593	1	1667
	-3	1	2592	1	1667
	-1	2	1512	1	1671
	3	1	2591	1	1670
	-3	1	2594	1	1670
	-1	2	1514	1	1671
	-1	2	1516	2	1518
	3	1	1671	1	1686
	3	1	1671	1	1682
	2	1	1638	2	1520
	3	1	1674	1	1691
	3	1	1674	1	1677
	-3	1	1676	1	1690
	2	1	1637	2	1522
	3	1	1678	1	1694
	3	1	1678	1	1681
	-3	1	1680	1	1693
	2	1	1673	2	1524
	3	1	1682	1	1697
	3	1	1682	1	1685
	-3	1	1684	1	1696
	2	1	1672	2	1526
	3	1	1686	1	1700
	3	1	1686	1	1689
	-3	1	1688	1	1699
	2	3	1528	1	1692
	2	3	1531	1	1692
	-2	2	1534	1	2635
	2	3	1536	1	1695
	2	3	1539	1	1695
	-2	2	1542	1	2635
	2	3	1544	1	1698
	2	3	1547	1	1698
	-2	2	1550	1	2639
	2	3	1552	1	1701
	2	3	1555	1	1701
	-2	2	1558	1	2639
	3	1	2637	1	1186
	-3	1	2636	1	1186
	3	1	2635	1	1187
	-3	1	2638	1	1187
	3	1	2641	1	1708
	-3	1	2640	1	1708
	-1	2	1564	1	1712
	3	1	2639	1	1711
	-3	1	2642	1	1711
	-1	2	1566	1	1712
	-1	2	1568	2	1570
	-3	1	1806	1	1718
	-3	1	1799	1	1718
	-3	1	1792	1	1718
	-3	1	1785	1	1718
	-3	1	1778	1	1718
	2	5	1572	1	1725
	-3	1	1771	1	1724
	-3	1	1764	1	1724
	-3	1	1757	1	1724
	-3	1	1750	1	1724
	-3	1	1743	1	1724
	2	5	1577	1	1725
	2	2	1582	1	1736
	1	2	2278	1	1728
	-3	1	2313	1	1728
	2	2	1584	1	1735
	-3	1	2306	1	1734
	-3	1	2299	1	1734
	-3	1	2292	1	1734
	-3	1	2285	1	1734
	-3	1	2278	1	1734
	2	5	1586	1	1735
	2	2	1591	1	1736
	2	3	1593	2	1596
	3	1	2645	1	1739
	-3	1	2644	1	1739
	-1	2	1598	1	1743
	3	1	2643	1	1742
	-3	1	2646	1	1742
	-1	2	1600	1	1743
	-1	2	1602	1	1723
	3	1	2649	1	1746
	-3	1	2648	1	1746
	-1	2	1604	1	1750
	3	1	2647	1	1749
	-3	1	2650	1	1749
	-1	2	1606	1	1750
	-1	2	1608	1	1722
	3	1	2653	1	1753
	-3	1	2652	1	1753
	-1	2	1610	1	1757
	3	1	2651	1	1756
	-3	1	2654	1	1756
	-1	2	1612	1	1757
	-1	2	1614	1	1721
	3	1	2657	1	1760
	-3	1	2656	1	1760
	-1	2	1616	1	1764
	3	1	2655	1	1763
	-3	1	2658	1	1763
	-1	2	1618	1	1764
	-1	2	1620	1	1720
	3	1	2661	1	1767
	-3	1	2660	1	1767
	-1	2	1622	1	1771
	3	1	2659	1	1770
	-3	1	2662	1	1770
	-1	2	1624	1	1771
	-1	2	1626	1	1719
	3	1	2665	1	1774
	-3	1	2664	1	1774
	-1	2	1628	1	1778
	3	1	2663	1	1777
	-3	1	2666	1	1777
	-1	2	1630	1	1778
	-1	2	1632	1	1717
	3	1	2669	1	1781
	-3	1	2668	1	1781
	-1	2	1634	1	1785
	3	1	2667	1	1784
	-3	1	2670	1	1784
	-1	2	1636	1	1785
	-1	2	1638	1	1716
	3	1	2673	1	1788
	-3	1	2672	1	1788
	-1	2	1640	1	1792
	3	1	2671	1	1791
	-3	1	2674	1	1791
	-1	2	1642	1	1792
	-1	2	1644	1	1715
	3	1	2677	1	1795
	-3	1	2676	1	1795
	-1	2	1646	1	1799
	3	1	2675	1	1798
	-3	1	2678	1	1798
	-1	2	1648	1	1799
	-1	2	1650	1	1714
	3	1	2681	1	1802
	-3	1	2680	1	1802
	-1	2	1652	1	1806
	3	1	2679	1	1805
	-3	1	2682	1	1805
	-1	2	1654	1	1806
	-1	2	1656	1	1713
	2	1	1477	5	1658
	3	1	1807	1	1818
	3	1	1807	1	1826
	3	1	1807	1	1822
	3	1	1807	1	1812
	-3	1	1811	4	1663
	3	1	1812	1	1817
	3	1	1812	1	1820
	3	1	1812	1	1824
	3	1	2318	1	1817
	2	2	1667	1	1827
	2	2	1669	1	1827
	3	1	2323	1	1820
	2	2	1671	1	1829
	3	1	2192	1	1822
	2	2	1673	1	1829
	3	1	2328	1	1824
	2	2	1675	1	1831
	3	1	2197	1	1826
	2	2	1677	1	1831
	1	2	1679	2	1681
	3	1	1827	1	2511
	1	2	1683	2	1685
	3	1	1829	1	2507
	1	2	1687	2	1689
	3	1	1831	1	2547
	3	1	2348	1	1834
	2	1	1833	11	1691
	3	1	1834	1	1886
	3	1	1834	1	1888
	3	1	1834	1	1882
	3	1	1834	1	1884
	3	1	1834	1	1898
	3	1	1834	1	1900
	3	1	1834	1	1894
	3	1	1834	1	1896
	3	1	1834	1	1890
	3	1	1834	1	1892
	3	1	1834	1	1846
	-3	1	1845	10	1702
	3	1	1846	1	1881
	3	1	1846	1	1883
	3	1	1846	1	1885
	3	1	1846	1	1887
	3	1	1846	1	1889
	3	1	1846	1	1891
	3	1	1846	1	1893
	3	1	1846	1	1895
	3	1	1846	1	1897
	3	1	1846	1	1899
	3	1	2349	1	1858
	2	1	1857	11	1712
	3	1	1858	1	1887
	3	1	1858	1	1888
	3	1	1858	1	1883
	3	1	1858	1	1884
	3	1	1858	1	1899
	3	1	1858	1	1895
	3	1	1858	1	1896
	3	1	1858	1	1891
	3	1	1858	1	1892
	3	1	1858	1	1900
	3	1	1858	1	1870
	-3	1	1869	10	1723
	3	1	1870	1	1881
	3	1	1870	1	1882
	3	1	1870	1	1885
	3	1	1870	1	1886
	3	1	1870	1	1889
	3	1	1870	1	1890
	3	1	1870	1	1893
	3	1	1870	1	1894
	3	1	1870	1	1897
	3	1	1870	1	1898
	2	3	1733	1	2685
	2	3	1736	1	2685
	2	3	1739	1	2685
	2	3	1742	1	2685
	2	3	1745	1	1901
	2	3	1748	1	1901
	2	3	1751	1	1901
	2	3	1754	1	1901
	2	3	1757	1	1904
	2	3	1760	1	1904
	2	3	1763	1	1904
	2	3	1766	1	1904
	2	3	1769	1	1907
	2	3	1772	1	1907
	2	3	1775	1	1907
	2	3	1778	1	1907
	2	3	1781	1	1910
	2	3	1784	1	1910
	2	3	1787	1	1910
	2	3	1790	1	1910
	1	4	1793	4	1797
	3	1	1901	1	2257
	3	1	1901	1	2683
	1	4	1801	4	1805
	3	1	1904	1	2689
	3	1	1904	1	2259
	1	4	1809	3	1813
	3	1	1907	1	2687
	3	1	1907	1	2261
	1	4	1816	2	1820
	3	1	1910	1	2263
	3	1	1910	1	2693
	2	1	17	5	1822
	3	1	1913	1	1938
	3	1	1913	1	1944
	3	1	1913	1	1942
	3	1	1913	1	1940
	3	1	1913	1	1919
	-3	1	1918	4	1827
	3	1	1919	1	1937
	3	1	1919	1	1941
	3	1	1919	1	1939
	3	1	1919	1	1943
	2	1	18	6	1831
	3	1	1924	1	1950
	3	1	1924	1	1948
	3	1	1924	1	1946
	3	1	1924	1	1954
	3	1	1924	1	1952
	3	1	1924	1	1931
	-3	1	1930	5	1837
	3	1	1931	1	1945
	3	1	1931	1	1947
	3	1	1931	1	1949
	3	1	1931	1	1951
	3	1	1931	1	1953
	2	2	1842	1	2645
	2	2	1844	1	2645
	2	2	1846	1	2649
	2	2	1848	1	2649
	2	2	1850	1	2653
	2	2	1852	1	2653
	2	2	1854	1	2657
	2	2	1856	1	2657
	2	2	1858	1	2661
	2	2	1860	1	2661
	2	2	1862	1	2665
	2	2	1864	1	2665
	2	2	1866	1	2669
	2	2	1868	1	2669
	2	2	1870	1	2673
	2	2	1872	1	2673
	2	2	1874	1	2677
	2	2	1876	1	2677
	3	1	2685	1	1957
	-3	1	2684	1	1957
	-1	2	1878	1	1961
	3	1	2683	1	1960
	-3	1	2686	1	1960
	-1	2	1880	1	1961
	-1	2	1882	3	1884
	3	1	1961	1	2044
	3	1	1961	1	2042
	3	1	1961	1	1965
	-3	1	1964	2	1887
	3	1	1965	1	2045
	3	1	1965	1	2041
	3	1	2689	1	1970
	-3	1	2688	1	1970
	-1	2	1889	1	1974
	3	1	2687	1	1973
	-3	1	2690	1	1973
	-1	2	1891	1	1974
	-1	2	1893	3	1895
	3	1	1974	1	2041
	3	1	1974	1	2042
	3	1	1974	1	1978
	-3	1	1977	2	1898
	3	1	1978	1	2044
	3	1	1978	1	2045
	3	1	2693	1	1983
	-3	1	2692	1	1983
	-1	2	1900	1	1987
	3	1	2691	1	1986
	-3	1	2694	1	1986
	-1	2	1902	1	1987
	-1	2	1904	2	1906
	3	1	1987	1	2029
	3	1	1987	1	2025
	3	1	2717	1	1992
	-3	1	2716	1	1992
	-1	2	1908	1	1996
	3	1	2715	1	1995
	-3	1	2718	1	1995
	-1	2	1910	1	1996
	-1	2	1912	3	1914
	3	1	1996	1	2050
	3	1	1996	1	2048
	3	1	1996	1	2000
	-3	1	1999	2	1917
	3	1	2000	1	2047
	3	1	2000	1	2051
	3	1	2721	1	2005
	-3	1	2720	1	2005
	-1	2	1919	1	2009
	3	1	2719	1	2008
	-3	1	2722	1	2008
	-1	2	1921	1	2009
	-1	2	1923	3	1925
	3	1	2009	1	2047
	3	1	2009	1	2048
	3	1	2009	1	2013
	-3	1	2012	2	1928
	3	1	2013	1	2050
	3	1	2013	1	2051
	3	1	2725	1	2018
	-3	1	2724	1	2018
	-1	2	1930	1	2022
	3	1	2723	1	2021
	-3	1	2726	1	2021
	-1	2	1932	1	2022
	-1	2	1934	2	1936
	3	1	2022	1	2037
	3	1	2022	1	2033
	2	1	1989	2	1938
	3	1	2025	1	2042
	3	1	2025	1	2028
	-3	1	2027	1	2041
	2	1	1988	2	1940
	3	1	2029	1	2045
	3	1	2029	1	2032
	-3	1	2031	1	2044
	2	1	2024	2	1942
	3	1	2033	1	2048
	3	1	2033	1	2036
	-3	1	2035	1	2047
	2	1	2023	2	1944
	3	1	2037	1	2051
	3	1	2037	1	2040
	-3	1	2039	1	2050
	2	3	1946	1	2043
	2	3	1949	1	2043
	-2	2	1952	1	2747
	2	3	1954	1	2046
	2	3	1957	1	2046
	-2	2	1960	1	2747
	2	3	1962	1	2049
	2	3	1965	1	2049
	-2	2	1968	1	2751
	2	3	1970	1	2052
	2	3	1973	1	2052
	-2	2	1976	1	2751
	3	1	2749	1	768
	-3	1	2748	1	768
	3	1	2747	1	769
	-3	1	2750	1	769
	3	1	2753	1	2059
	-3	1	2752	1	2059
	-1	2	1982	1	2063
	3	1	2751	1	2062
	-3	1	2754	1	2062
	-1	2	1984	1	2063
	-1	2	1986	2	1988
	2	1	730	4	1990
	3	1	2064	1	2116
	3	1	2064	1	2114
	3	1	2064	1	2112
	3	1	2064	1	2110
	2	1	506	5	1994
	3	1	2069	1	2096
	3	1	2069	1	2091
	3	1	2069	1	2101
	3	1	2069	1	2099
	3	1	2069	1	2075
	-3	1	2074	2	1999
	3	1	2075	1	2089
	3	1	2075	1	2094
	2	1	1396	4	2001
	3	1	2078	1	2122
	3	1	2078	1	2120
	3	1	2078	1	2118
	3	1	2078	1	2124
	2	1	507	4	2005
	3	1	2083	1	2107
	3	1	2083	1	2105
	3	1	2083	1	2103
	3	1	2083	1	2109
	3	1	2333	1	2089
	2	2	2009	1	2092
	3	1	2202	1	2091
	2	2	2011	1	2092
	1	2	2013	1	2110
	3	1	2338	1	2094
	2	2	2015	1	2097
	3	1	2207	1	2096
	2	2	2017	1	2097
	1	2	2019	1	2112
	3	1	2212	1	2099
	2	2	2021	1	2114
	3	1	2217	1	2101
	2	2	2023	1	2116
	3	1	2222	1	2103
	2	2	2025	1	2118
	3	1	2227	1	2105
	2	2	2027	1	2120
	3	1	2232	1	2107
	2	2	2029	1	2122
	3	1	2318	1	2109
	2	2	2031	1	2124
	2	2	2033	2	2035
	3	1	2110	1	2499
	2	2	2037	2	2039
	3	1	2112	1	2495
	2	2	2041	2	2043
	3	1	2114	1	2491
	2	2	2045	2	2047
	3	1	2116	1	2487
	2	2	2049	2	2051
	3	1	2118	1	2483
	2	2	2053	2	2055
	3	1	2120	1	2479
	2	2	2057	2	2059
	3	1	2122	1	2475
	2	2	2061	2	2063
	3	1	2124	1	2471
	2	1	731	4	2065
	3	1	2126	1	2178
	3	1	2126	1	2176
	3	1	2126	1	2174
	3	1	2126	1	2172
	2	1	1475	5	2069
	3	1	2131	1	2158
	3	1	2131	1	2153
	3	1	2131	1	2163
	3	1	2131	1	2161
	3	1	2131	1	2137
	-3	1	2136	2	2074
	3	1	2137	1	2151
	3	1	2137	1	2156
	2	1	1397	4	2076
	3	1	2140	1	2184
	3	1	2140	1	2182
	3	1	2140	1	2180
	3	1	2140	1	2186
	2	1	1476	4	2080
	3	1	2145	1	2169
	3	1	2145	1	2167
	3	1	2145	1	2165
	3	1	2145	1	2171
	3	1	2333	1	2151
	2	2	2084	1	2154
	3	1	2202	1	2153
	2	2	2086	1	2154
	1	2	2088	1	2172
	3	1	2338	1	2156
	2	2	2090	1	2159
	3	1	2207	1	2158
	2	2	2092	1	2159
	1	2	2094	1	2174
	3	1	2212	1	2161
	2	2	2096	1	2176
	3	1	2217	1	2163
	2	2	2098	1	2178
	3	1	2222	1	2165
	2	2	2100	1	2180
	3	1	2227	1	2167
	2	2	2102	1	2182
	3	1	2232	1	2169
	2	2	2104	1	2184
	3	1	2318	1	2171
	2	2	2106	1	2186
	2	2	2108	2	2110
	3	1	2172	1	2543
	2	2	2112	2	2114
	3	1	2174	1	2539
	2	2	2116	2	2118
	3	1	2176	1	2535
	2	2	2120	2	2122
	3	1	2178	1	2531
	2	2	2124	2	2126
	3	1	2180	1	2527
	2	2	2128	2	2130
	3	1	2182	1	2523
	2	2	2132	2	2134
	3	1	2184	1	2519
	2	2	2136	2	2138
	3	1	2186	1	2515
	2	2	2140	3	2142
	0	1	204	2	2145
	3	1	2189	1	2583
	3	1	2189	1	2192
	-3	1	2191	3	2147
	3	1	2192	1	2651
	0	1	205	2	2150
	3	1	2194	1	2589
	3	1	2194	1	2197
	-3	1	2196	3	2152
	3	1	2197	1	2655
	0	1	206	2	2155
	3	1	2199	1	2587
	3	1	2199	1	2202
	-3	1	2201	3	2157
	3	1	2202	1	2659
	0	1	207	2	2160
	3	1	2204	1	2593
	3	1	2204	1	2207
	-3	1	2206	3	2162
	3	1	2207	1	2663
	0	1	208	2	2165
	3	1	2209	1	2591
	3	1	2209	1	2212
	-3	1	2211	3	2167
	3	1	2212	1	2667
	0	1	209	2	2170
	3	1	2214	1	2598
	3	1	2214	1	2217
	-3	1	2216	3	2172
	3	1	2217	1	2671
	0	1	210	2	2175
	3	1	2219	1	2595
	3	1	2219	1	2222
	-3	1	2221	3	2177
	3	1	2222	1	2675
	0	1	211	2	2180
	3	1	2224	1	2608
	3	1	2224	1	2227
	-3	1	2226	3	2182
	3	1	2227	1	2679
	0	1	212	2	2185
	3	1	2229	1	2605
	3	1	2229	1	2232
	-3	1	2231	5	2187
	3	1	2232	1	2755
	2	1	30	5	2192
	3	1	2234	1	2257
	3	1	2234	1	2263
	3	1	2234	1	2261
	3	1	2234	1	2259
	3	1	2234	1	2240
	-3	1	2239	4	2197
	3	1	2240	1	2256
	3	1	2240	1	2260
	3	1	2240	1	2258
	3	1	2240	1	2262
	2	1	31	5	2201
	3	1	2245	1	2269
	3	1	2245	1	2267
	3	1	2245	1	2265
	3	1	2245	1	2271
	3	1	2245	1	2251
	-3	1	2250	4	2206
	3	1	2251	1	2264
	3	1	2251	1	2266
	3	1	2251	1	2268
	3	1	2251	1	2270
	2	2	2210	1	2681
	2	2	2212	1	2681
	2	2	2214	1	2757
	2	2	2216	1	2757
	2	2	2218	1	2761
	2	2	2220	1	2761
	2	2	2222	1	2765
	2	2	2224	1	2765
	2	2	2226	1	2769
	2	2	2228	1	2769
	2	2	2230	1	2773
	2	2	2232	1	2773
	2	2	2234	1	2777
	2	2	2236	1	2777
	2	2	2238	1	1726
	2	2	2240	1	1726
	3	1	2757	1	2274
	-3	1	2756	1	2274
	-1	2	2242	1	2278
	3	1	2755	1	2277
	-3	1	2758	1	2277
	-1	2	2244	1	2278
	-1	2	2246	1	1733
	3	1	2761	1	2281
	-3	1	2760	1	2281
	-1	2	2248	1	2285
	3	1	2759	1	2284
	-3	1	2762	1	2284
	-1	2	2250	1	2285
	-1	2	2252	1	1732
	3	1	2765	1	2288
	-3	1	2764	1	2288
	-1	2	2254	1	2292
	3	1	2763	1	2291
	-3	1	2766	1	2291
	-1	2	2256	1	2292
	-1	2	2258	1	1731
	3	1	2769	1	2295
	-3	1	2768	1	2295
	-1	2	2260	1	2299
	3	1	2767	1	2298
	-3	1	2770	1	2298
	-1	2	2262	1	2299
	-1	2	2264	1	1730
	3	1	2773	1	2302
	-3	1	2772	1	2302
	-1	2	2266	1	2306
	3	1	2771	1	2305
	-3	1	2774	1	2305
	-1	2	2268	1	2306
	-1	2	2270	1	1729
	3	1	2777	1	2309
	-3	1	2776	1	2309
	-1	2	2272	1	2313
	3	1	2775	1	2312
	-3	1	2778	1	2312
	-1	2	2274	1	2313
	-1	2	2276	1	1727
	0	1	213	3	2280
	0	1	214	2	2283
	3	1	2315	1	2715
	3	1	2315	1	2318
	-3	1	2317	5	2285
	3	1	2318	1	2759
	0	1	215	3	2290
	3	1	2320	1	2721
	3	1	2320	1	2323
	-3	1	2322	3	2293
	3	1	2323	1	2763
	0	1	216	3	2296
	3	1	2325	1	2719
	3	1	2325	1	2328
	-3	1	2327	3	2299
	3	1	2328	1	2767
	0	1	217	3	2302
	3	1	2330	1	2725
	3	1	2330	1	2333
	-3	1	2332	3	2305
	3	1	2333	1	2771
	0	1	218	3	2308
	3	1	2335	1	2723
	3	1	2335	1	2338
	-3	1	2337	3	2311
	3	1	2338	1	2775
	0	1	219	2	2314
	3	1	2340	1	2730
	3	1	2340	1	2343
	-3	1	2342	2	2316
	0	1	220	2	2318
	3	1	2344	1	2727
	3	1	2344	1	2347
	-3	1	2346	2	2320
	0	1	221	2	2322
	0	1	222	2	2324
	0	1	223	2	2326
	2	1	1128	2	2328
	3	1	2351	1	610
	2	1	1124	2	2330
	3	1	2353	1	613
	2	1	1141	2	2332
	3	1	2355	1	623
	2	1	1133	2	2334
	3	1	2357	1	626
	-3	1	1153	2	2336
	3	1	2359	1	636
	2	1	1150	2	2338
	3	1	2361	1	639
	2	1	1164	2	2340
	3	1	2363	1	2369
	3	1	2363	1	2372
	2	1	1158	2	2342
	3	1	2366	1	2371
	3	1	2366	1	2370
	-3	1	2364	1	2371
	-3	1	2368	1	2372
	-1	2	2344	1	2424
	-1	2	2346	1	2424
	2	1	1176	2	2348
	3	1	2373	1	2379
	3	1	2373	1	2382
	2	1	1170	2	2350
	3	1	2376	1	2381
	3	1	2376	1	2380
	-3	1	2374	1	2381
	-3	1	2378	1	2382
	-1	2	2352	1	2421
	-1	2	2354	1	2421
	-3	1	933	2	2356
	3	1	2383	1	2389
	3	1	2383	1	2392
	2	1	926	2	2358
	3	1	2386	1	2391
	3	1	2386	1	2390
	-3	1	2384	1	2391
	-3	1	2388	1	2392
	-1	2	2360	1	2434
	-1	2	2362	1	2434
	2	1	1129	2	2364
	3	1	2393	1	652
	2	1	1125	2	2366
	3	1	2395	1	655
	2	1	1143	2	2368
	3	1	2397	1	665
	2	1	1135	2	2370
	3	1	2399	1	668
	2	1	1165	2	2372
	3	1	2401	1	2407
	3	1	2401	1	2410
	2	1	1159	2	2374
	3	1	2404	1	2409
	3	1	2404	1	2408
	-3	1	2402	1	2409
	-3	1	2406	1	2410
	-1	2	2376	1	2444
	-1	2	2378	1	2444
	2	1	1177	2	2380
	3	1	2411	1	2417
	3	1	2411	1	2420
	2	1	1171	2	2382
	3	1	2414	1	2419
	3	1	2414	1	2418
	-3	1	2412	1	2419
	-3	1	2416	1	2420
	-1	2	2384	1	2441
	-1	2	2386	1	2441
	-1	2	2388	2	2390
	3	1	2421	1	2427
	3	1	2421	1	2430
	-1	2	2392	2	2394
	3	1	2424	1	2429
	3	1	2424	1	2428
	-3	1	2422	1	2429
	-3	1	2426	1	2430
	-1	2	2396	1	2453
	-1	2	2398	1	2453
	-3	1	605	2	2400
	3	1	2431	1	2437
	3	1	2431	1	2440
	-1	2	2402	2	2404
	3	1	2434	1	2439
	3	1	2434	1	2438
	-3	1	2432	1	2439
	-3	1	2436	1	2440
	-1	2	2406	1	2457
	-1	2	2408	1	2457
	-1	2	2410	2	2412
	3	1	2441	1	2447
	3	1	2441	1	2450
	-1	2	2414	2	2416
	3	1	2444	1	2449
	3	1	2444	1	2448
	-3	1	2442	1	2449
	-3	1	2446	1	2450
	-1	2	2418	1	2461
	-1	2	2420	1	2461
	-1	2	2422	2	2424
	3	1	2451	1	702
	-1	2	2426	2	2428
	3	1	2453	1	705
	2	1	550	2	2430
	3	1	2455	1	710
	-1	2	2432	2	2434
	3	1	2457	1	713
	-1	2	2436	2	2438
	3	1	2459	1	716
	-1	2	2440	2	2442
	3	1	2461	1	719
	2	1	1513	2	2444
	3	1	2463	1	735
	2	1	1142	2	2446
	3	1	2465	1	738
	2	1	1511	2	2448
	3	1	2467	1	764
	2	1	1134	2	2450
	3	1	2469	1	766
	2	1	2125	2	2452
	3	1	2471	1	975
	2	1	547	2	2454
	3	1	2473	1	978
	2	1	2123	2	2456
	3	1	2475	1	988
	2	1	539	2	2458
	3	1	2477	1	991
	2	1	2121	2	2460
	3	1	2479	1	1000
	2	1	531	2	2462
	3	1	2481	1	1003
	2	1	2119	2	2464
	3	1	2483	1	1013
	2	1	523	2	2466
	3	1	2485	1	1016
	2	1	2117	2	2468
	3	1	2487	1	1020
	2	1	583	2	2470
	3	1	2489	1	1023
	2	1	2115	2	2472
	3	1	2491	1	1034
	2	1	575	2	2474
	3	1	2493	1	1037
	2	1	2113	2	2476
	3	1	2495	1	1047
	2	1	567	2	2478
	3	1	2497	1	1050
	2	1	2111	2	2480
	3	1	2499	1	1059
	2	1	558	2	2482
	3	1	2501	1	1062
	2	1	1515	2	2484
	3	1	2503	1	1070
	2	1	1149	2	2486
	3	1	2505	1	1073
	2	1	1830	2	2488
	3	1	2507	1	1196
	2	1	1140	2	2490
	3	1	2509	1	1199
	2	1	1828	2	2492
	3	1	2511	1	1222
	2	1	1132	2	2494
	3	1	2513	1	1224
	2	1	2187	2	2496
	3	1	2515	1	1227
	2	1	838	2	2498
	3	1	2517	1	1230
	2	1	2185	2	2500
	3	1	2519	1	1240
	2	1	830	2	2502
	3	1	2521	1	1243
	2	1	2183	2	2504
	3	1	2523	1	1252
	2	1	822	2	2506
	3	1	2525	1	1255
	2	1	2181	2	2508
	3	1	2527	1	1265
	2	1	814	2	2510
	3	1	2529	1	1268
	2	1	2179	2	2512
	3	1	2531	1	1272
	2	1	806	2	2514
	3	1	2533	1	1275
	2	1	2177	2	2516
	3	1	2535	1	1286
	2	1	798	2	2518
	3	1	2537	1	1289
	2	1	2175	2	2520
	3	1	2539	1	1299
	2	1	790	2	2522
	3	1	2541	1	1302
	2	1	2173	2	2524
	3	1	2543	1	1311
	2	1	781	2	2526
	3	1	2545	1	1314
	2	1	1832	2	2528
	3	1	2547	1	1322
	2	1	1148	2	2530
	3	1	2549	1	1325
	0	1	224	2	2532
	3	1	2551	1	1605
	0	1	225	2	2534
	3	1	2553	1	1608
	0	1	226	2	2536
	3	1	2555	1	1618
	0	1	227	2	2538
	3	1	2557	1	1621
	0	1	228	2	2540
	3	1	2559	1	1631
	0	1	229	2	2542
	3	1	2561	1	1634
	0	1	230	2	2544
	3	1	2563	1	2569
	3	1	2563	1	2572
	0	1	231	2	2546
	3	1	2566	1	2571
	3	1	2566	1	2570
	-3	1	2564	1	2571
	-3	1	2568	1	2572
	-1	2	2548	1	2618
	-1	2	2550	1	2618
	2	1	1484	2	2552
	3	1	2573	1	2579
	3	1	2573	1	2582
	2	1	1479	2	2554
	3	1	2576	1	2581
	3	1	2576	1	2580
	-3	1	2574	1	2581
	-3	1	2578	1	2582
	-1	2	2556	1	2615
	-1	2	2558	1	2615
	2	1	2190	2	2560
	3	1	2583	1	1640
	0	1	232	2	2562
	3	1	2585	1	1643
	2	1	2200	2	2564
	3	1	2587	1	1653
	2	1	2195	2	2566
	3	1	2589	1	1656
	2	1	2210	2	2568
	3	1	2591	1	1666
	2	1	2205	2	2570
	3	1	2593	1	1669
	2	1	2220	2	2572
	3	1	2595	1	2601
	3	1	2595	1	2604
	2	1	2215	2	2574
	3	1	2598	1	2603
	3	1	2598	1	2602
	-3	1	2596	1	2603
	-3	1	2600	1	2604
	-1	2	2576	1	2628
	-1	2	2578	1	2628
	2	1	2230	2	2580
	3	1	2605	1	2611
	3	1	2605	1	2614
	2	1	2225	2	2582
	3	1	2608	1	2613
	3	1	2608	1	2612
	-3	1	2606	1	2613
	-3	1	2610	1	2614
	-1	2	2584	1	2625
	-1	2	2586	1	2625
	-1	2	2588	2	2590
	3	1	2615	1	2621
	3	1	2615	1	2624
	-1	2	2592	2	2594
	3	1	2618	1	2623
	3	1	2618	1	2622
	-3	1	2616	1	2623
	-3	1	2620	1	2624
	-1	2	2596	1	2637
	-1	2	2598	1	2637
	-1	2	2600	2	2602
	3	1	2625	1	2631
	3	1	2625	1	2634
	-1	2	2604	2	2606
	3	1	2628	1	2633
	3	1	2628	1	2632
	-3	1	2626	1	2633
	-3	1	2630	1	2634
	-1	2	2608	1	2641
	-1	2	2610	1	2641
	-1	2	2612	2	2614
	3	1	2635	1	1703
	-1	2	2616	2	2618
	3	1	2637	1	1705
	-1	2	2620	2	2622
	3	1	2639	1	1707
	-1	2	2624	2	2626
	3	1	2641	1	1710
	2	1	1482	2	2628
	3	1	2643	1	1738
	1	2	2630	2	2632
	3	1	2645	1	1741
	2	1	1489	2	2634
	3	1	2647	1	1745
	1	2	2636	2	2638
	3	1	2649	1	1748
	2	1	2193	2	2640
	3	1	2651	1	1752
	1	2	2642	2	2644
	3	1	2653	1	1755
	2	1	2198	2	2646
	3	1	2655	1	1759
	1	2	2648	2	2650
	3	1	2657	1	1762
	2	1	2203	2	2652
	3	1	2659	1	1766
	1	2	2654	2	2656
	3	1	2661	1	1769
	2	1	2208	2	2658
	3	1	2663	1	1773
	1	2	2660	2	2662
	3	1	2665	1	1776
	2	1	2213	2	2664
	3	1	2667	1	1780
	1	2	2666	2	2668
	3	1	2669	1	1783
	2	1	2218	2	2670
	3	1	2671	1	1787
	1	2	2672	2	2674
	3	1	2673	1	1790
	2	1	2223	2	2676
	3	1	2675	1	1794
	1	2	2678	2	2680
	3	1	2677	1	1797
	2	1	2228	2	2682
	3	1	2679	1	1801
	1	2	2684	2	2686
	3	1	2681	1	1804
	2	1	1903	2	2688
	3	1	2683	1	1956
	1	4	2690	2	2694
	3	1	2685	1	1959
	2	1	1908	2	2696
	3	1	2687	1	1969
	2	1	1905	2	2698
	3	1	2689	1	1972
	2	1	1591	2	2700
	3	1	2691	1	1982
	2	1	1912	2	2702
	3	1	2693	1	1985
	2	1	1597	2	2704
	3	1	2695	1	2701
	3	1	2695	1	2704
	2	1	1595	2	2706
	3	1	2698	1	2703
	3	1	2698	1	2702
	-3	1	2696	1	2703
	-3	1	2700	1	2704
	-1	2	2708	1	2740
	-1	2	2710	1	2740
	2	1	1603	2	2712
	3	1	2705	1	2711
	3	1	2705	1	2714
	2	1	1601	2	2714
	3	1	2708	1	2713
	3	1	2708	1	2712
	-3	1	2706	1	2713
	-3	1	2710	1	2714
	-1	2	2716	1	2737
	-1	2	2718	1	2737
	2	1	2316	2	2720
	3	1	2715	1	1991
	0	1	233	2	2722
	3	1	2717	1	1994
	2	1	2326	2	2724
	3	1	2719	1	2004
	2	1	2321	2	2726
	3	1	2721	1	2007
	2	1	2336	2	2728
	3	1	2723	1	2017
	2	1	2331	2	2730
	3	1	2725	1	2020
	2	1	2345	2	2732
	3	1	2727	1	2733
	3	1	2727	1	2736
	2	1	2341	2	2734
	3	1	2730	1	2735
	3	1	2730	1	2734
	-3	1	2728	1	2735
	-3	1	2732	1	2736
	-1	2	2736	1	2753
	-1	2	2738	1	2753
	-1	2	2740	2	2742
	3	1	2737	1	2743
	3	1	2737	1	2746
	-1	2	2744	2	2746
	3	1	2740	1	2745
	3	1	2740	1	2744
	-3	1	2738	1	2745
	-3	1	2742	1	2746
	-1	2	2748	1	2749
	-1	2	2750	1	2749
	-1	2	2752	2	2754
	3	1	2747	1	2054
	-1	2	2756	2	2758
	3	1	2749	1	2056
	-1	2	2760	2	2762
	3	1	2751	1	2058
	-1	2	2764	2	2766
	3	1	2753	1	2061
	2	1	2233	2	2768
	3	1	2755	1	2273
	1	2	2770	2	2772
	3	1	2757	1	2276
	2	1	2319	2	2774
	3	1	2759	1	2280
	1	2	2776	2	2778
	3	1	2761	1	2283
	2	1	2324	2	2780
	3	1	2763	1	2287
	1	2	2782	2	2784
	3	1	2765	1	2290
	2	1	2329	2	2786
	3	1	2767	1	2294
	1	2	2788	2	2790
	3	1	2769	1	2297
	2	1	2334	2	2792
	3	1	2771	1	2301
	1	2	2794	2	2796
	3	1	2773	1	2304
	2	1	2339	2	2798
	3	1	2775	1	2308
	1	2	2800	2	2802
	3	1	2777	1	2311

2803
	9
	10
	12
	13
	17
	18
	30
	31
	38
	39
	41
	42
	45
	46
	58
	59
	70
	71
	83
	84
	97
	98
	109
	110
	121
	122
	133
	134
	143
	144
	146
	147
	145
	148
	150
	151
	153
	154
	152
	155
	159
	160
	162
	161
	164
	165
	167
	168
	166
	169
	171
	172
	173
	174
	94
	190
	193
	194
	36
	195
	208
	209
	210
	211
	241
	242
	259
	260
	2
	15
	285
	378
	481
	363
	437
	482
	483
	41
	485
	486
	487
	488
	489
	491
	492
	42
	495
	494
	497
	498
	499
	500
	501
	502
	504
	257
	506
	507
	508
	208
	193
	209
	194
	38
	39
	514
	515
	516
	517
	518
	519
	522
	523
	524
	525
	526
	527
	530
	531
	532
	533
	534
	535
	538
	539
	540
	541
	542
	543
	546
	547
	550
	551
	552
	553
	554
	555
	558
	559
	560
	561
	562
	563
	566
	567
	568
	569
	570
	571
	574
	575
	576
	577
	578
	579
	582
	583
	585
	586
	1
	3
	588
	589
	592
	593
	591
	595
	210
	195
	347
	597
	598
	599
	353
	288
	602
	603
	605
	606
	150
	607
	259
	592
	609
	610
	612
	613
	611
	614
	616
	617
	618
	620
	621
	622
	623
	625
	626
	624
	627
	629
	630
	631
	633
	634
	635
	636
	638
	639
	637
	640
	642
	643
	645
	646
	647
	649
	650
	651
	652
	654
	655
	653
	656
	658
	659
	660
	662
	663
	664
	665
	667
	668
	666
	669
	671
	672
	674
	675
	678
	679
	682
	683
	686
	687
	621
	629
	676
	630
	617
	674
	689
	690
	616
	633
	680
	634
	620
	678
	692
	693
	649
	658
	684
	659
	646
	682
	695
	696
	645
	662
	688
	663
	650
	686
	698
	699
	701
	702
	704
	705
	703
	706
	709
	710
	712
	713
	711
	714
	715
	716
	718
	719
	717
	720
	723
	724
	190
	419
	727
	728
	730
	731
	509
	285
	733
	734
	735
	737
	738
	736
	739
	741
	742
	743
	744
	746
	747
	749
	750
	752
	753
	751
	754
	755
	756
	741
	748
	759
	760
	761
	742
	757
	763
	764
	765
	766
	745
	758
	762
	768
	769
	771
	514
	423
	773
	775
	776
	777
	778
	781
	782
	783
	784
	785
	786
	789
	790
	791
	792
	793
	794
	797
	798
	799
	800
	801
	802
	805
	806
	807
	808
	809
	810
	813
	814
	815
	816
	817
	818
	821
	822
	823
	824
	825
	826
	829
	830
	831
	832
	833
	834
	837
	838
	543
	535
	527
	519
	517
	533
	525
	541
	563
	555
	579
	571
	844
	845
	846
	848
	849
	569
	577
	850
	848
	851
	845
	852
	849
	853
	844
	855
	856
	857
	858
	859
	860
	861
	862
	863
	864
	865
	867
	868
	869
	870
	871
	872
	873
	874
	875
	876
	878
	879
	880
	881
	882
	883
	884
	885
	886
	887
	888
	890
	891
	892
	893
	894
	895
	896
	897
	898
	899
	93
	867
	890
	55
	857
	891
	67
	868
	880
	80
	858
	881
	81
	869
	892
	43
	855
	893
	56
	870
	878
	68
	856
	879
	92
	871
	894
	54
	863
	895
	66
	872
	885
	79
	864
	886
	91
	873
	896
	53
	861
	897
	65
	874
	883
	78
	862
	884
	90
	875
	898
	52
	859
	899
	64
	876
	882
	77
	860
	887
	900
	901
	902
	903
	146
	921
	548
	904
	905
	906
	907
	159
	923
	924
	925
	926
	908
	909
	910
	911
	153
	928
	929
	930
	931
	933
	603
	912
	913
	914
	915
	935
	936
	916
	917
	918
	919
	938
	939
	188
	154
	160
	147
	941
	162
	144
	151
	944
	945
	946
	947
	948
	949
	951
	952
	953
	954
	955
	12
	951
	13
	946
	551
	952
	721
	945
	923
	953
	607
	944
	928
	954
	963
	948
	965
	955
	967
	947
	956
	957
	958
	959
	323
	359
	960
	961
	310
	351
	962
	964
	312
	349
	966
	968
	325
	308
	974
	975
	977
	978
	976
	979
	981
	982
	983
	984
	985
	546
	987
	988
	990
	991
	989
	992
	994
	995
	996
	997
	538
	999
	1000
	1002
	1003
	1001
	1004
	1006
	1007
	1008
	530
	522
	1010
	1012
	1013
	1015
	1016
	1014
	1017
	1019
	1020
	1022
	1023
	1021
	1024
	1026
	1027
	1028
	1029
	1030
	1031
	582
	1033
	1034
	1036
	1037
	1035
	1038
	1040
	1041
	1042
	1043
	1044
	574
	1046
	1047
	1049
	1050
	1048
	1051
	1053
	1054
	1055
	1056
	566
	1058
	1059
	1061
	1062
	1060
	1063
	1065
	1066
	1067
	559
	1069
	1070
	1072
	1073
	1071
	1074
	1076
	1077
	996
	1018
	1006
	984
	981
	998
	994
	982
	1009
	1007
	983
	1011
	995
	986
	1081
	1082
	1083
	1085
	1086
	1043
	1075
	1055
	1026
	1065
	1027
	1045
	1040
	1028
	1057
	1053
	1029
	1068
	1041
	1066
	1054
	1030
	1078
	1042
	1032
	1089
	1090
	1091
	1092
	1088
	767
	1093
	1094
	1096
	1097
	1087
	1080
	1085
	1098
	1099
	1096
	1100
	1101
	1103
	1104
	802
	794
	786
	778
	1107
	1108
	1109
	1111
	792
	1112
	800
	818
	810
	834
	826
	808
	816
	824
	832
	1116
	1111
	1117
	1107
	1118
	1112
	1119
	1108
	708
	515
	425
	1121
	1124
	1125
	1127
	756
	1128
	1129
	1131
	1132
	1133
	747
	1134
	1135
	965
	327
	1137
	1139
	1140
	1141
	744
	1142
	1143
	963
	329
	1145
	1147
	1148
	1077
	1149
	1150
	314
	850
	851
	1116
	1117
	1153
	331
	852
	853
	1118
	1119
	1156
	1158
	1159
	791
	568
	316
	1162
	1164
	1165
	799
	576
	333
	1168
	1170
	1171
	807
	516
	318
	1174
	1176
	1177
	397
	395
	774
	1122
	1179
	1183
	1182
	504
	1180
	1184
	597
	336
	251
	1186
	1187
	1189
	14
	429
	1181
	1191
	1192
	1193
	1194
	1195
	1196
	1198
	1199
	1197
	1200
	1202
	1203
	1204
	1139
	1206
	1131
	1208
	1209
	1211
	1212
	1210
	1213
	1214
	1127
	1202
	1207
	1217
	1218
	1219
	1203
	1215
	1221
	1222
	1223
	1224
	1205
	1216
	1220
	1226
	1227
	1229
	1230
	1228
	1231
	1233
	1234
	1235
	1236
	1237
	837
	1239
	1240
	1242
	1243
	1241
	1244
	1246
	1247
	1248
	1249
	829
	1251
	1252
	1254
	1255
	1253
	1256
	1258
	1259
	1260
	821
	813
	1262
	1264
	1265
	1267
	1268
	1266
	1269
	1271
	1272
	1274
	1275
	1273
	1276
	1278
	1279
	1280
	1281
	1282
	1283
	805
	1285
	1286
	1288
	1289
	1287
	1290
	1292
	1293
	1294
	1295
	1296
	797
	1298
	1299
	1301
	1302
	1300
	1303
	1305
	1306
	1307
	1308
	789
	1310
	1311
	1313
	1314
	1312
	1315
	1317
	1318
	1319
	782
	1321
	1322
	1324
	1325
	1323
	1326
	1328
	1147
	1248
	1270
	1258
	1236
	1233
	1250
	1246
	1234
	1261
	1259
	1235
	1263
	1247
	1238
	1332
	1333
	1334
	1336
	1337
	1295
	1327
	1307
	1278
	1317
	1279
	1297
	1292
	1280
	1309
	1305
	1281
	1320
	1293
	1318
	1306
	1282
	1329
	1294
	1284
	1340
	1341
	1342
	1343
	1339
	1225
	1344
	1345
	1347
	1348
	1338
	1331
	1336
	1349
	1350
	1347
	1351
	1352
	1354
	1355
	357
	1356
	1357
	1359
	1360
	1361
	1362
	1364
	1365
	1354
	1103
	1367
	1368
	1369
	1359
	1360
	1371
	1370
	1372
	1193
	1374
	1375
	1364
	1365
	1377
	1376
	1378
	1380
	1191
	1355
	1367
	1368
	1104
	1381
	1382
	1384
	499
	1194
	168
	1192
	165
	500
	502
	540
	831
	134
	84
	98
	46
	599
	1391
	121
	59
	110
	71
	598
	1393
	839
	1113
	1396
	1397
	1399
	1400
	1401
	1402
	1403
	1404
	1405
	1406
	1407
	1408
	1409
	1411
	1412
	1413
	1414
	1415
	1416
	1417
	1418
	1419
	1420
	1422
	1423
	1424
	1425
	1426
	1427
	1428
	1429
	1430
	1431
	1432
	1434
	1435
	1436
	1437
	1438
	1439
	1440
	1441
	1442
	1443
	89
	1411
	1434
	51
	1401
	1435
	63
	1412
	1424
	76
	1402
	1425
	88
	1413
	1436
	50
	1399
	1437
	62
	1414
	1422
	75
	1400
	1423
	87
	1415
	1438
	49
	1407
	1439
	1416
	1429
	74
	1408
	1430
	86
	1417
	1440
	48
	1405
	1441
	61
	1418
	1427
	73
	1406
	1428
	85
	1419
	1442
	47
	1403
	1443
	60
	1420
	1426
	72
	1404
	1431
	1444
	1445
	1446
	1447
	1151
	967
	1465
	185
	1448
	1449
	1450
	1451
	1154
	1467
	183
	1452
	1453
	1454
	1455
	1160
	1469
	1456
	1457
	1458
	1459
	1166
	1471
	1460
	1461
	1462
	1463
	1172
	1473
	1475
	1476
	1477
	1479
	1480
	752
	1211
	1482
	1484
	1485
	1487
	1488
	1489
	1491
	753
	1492
	1493
	1494
	750
	1496
	1497
	1498
	1499
	1496
	1488
	1491
	1502
	1497
	1504
	1493
	1506
	1498
	1508
	1492
	1500
	1501
	746
	1511
	1503
	1505
	743
	1513
	1507
	1509
	1076
	1515
	1518
	1517
	483
	493
	482
	495
	1524
	1525
	1526
	1527
	1528
	1529
	1530
	1531
	1532
	1533
	1534
	1536
	1537
	1538
	1539
	1540
	1541
	1542
	1543
	1544
	1545
	1548
	1549
	1550
	1551
	1552
	1553
	1554
	1555
	1556
	1557
	1558
	1560
	1561
	1562
	1563
	1564
	1565
	1566
	1567
	1568
	1569
	138
	1536
	1560
	102
	1526
	1561
	126
	1537
	1550
	114
	1527
	1551
	137
	1538
	1562
	101
	1524
	1563
	125
	1539
	1548
	113
	1525
	1549
	136
	1540
	1564
	100
	1532
	1565
	124
	1541
	1555
	112
	1533
	1556
	135
	1542
	1566
	99
	1530
	1567
	123
	1543
	1553
	111
	1531
	1554
	1544
	1568
	1528
	1569
	1545
	1552
	1529
	1557
	1570
	1571
	1572
	1573
	1518
	1591
	1592
	181
	1574
	1575
	1576
	1577
	1520
	1594
	1595
	177
	1578
	1579
	1580
	1581
	1597
	1598
	179
	1582
	1583
	1584
	1585
	1600
	1357
	1371
	1601
	1586
	1587
	1588
	1589
	1362
	1377
	1603
	1604
	1605
	1607
	1608
	1606
	1609
	1611
	1612
	1613
	1615
	1616
	1617
	1618
	1620
	1621
	1619
	1622
	1624
	1625
	1626
	1628
	1629
	1630
	1631
	1633
	1634
	1632
	1635
	1637
	1638
	1639
	1640
	1642
	1643
	1641
	1644
	1646
	1647
	1648
	1650
	1651
	1652
	1653
	1655
	1656
	1654
	1657
	1659
	1660
	1661
	1663
	1664
	1665
	1666
	1668
	1669
	1667
	1670
	1672
	1673
	1675
	1676
	1679
	1680
	1683
	1684
	1687
	1688
	1616
	1624
	1677
	1625
	1612
	1675
	1690
	1691
	1611
	1628
	1681
	1629
	1615
	1679
	1693
	1694
	1650
	1659
	1685
	1660
	1647
	1683
	1696
	1697
	1646
	1663
	1689
	1664
	1651
	1687
	1699
	1700
	1702
	1703
	1704
	1705
	1706
	1707
	1709
	1710
	1708
	1711
	1183
	255
	1713
	1714
	1715
	1716
	1717
	1719
	1720
	1721
	1722
	1723
	1718
	1724
	1726
	1727
	1729
	1730
	1731
	1732
	1733
	1728
	1734
	1725
	1735
	969
	339
	157
	1737
	1738
	1740
	1741
	1739
	1742
	1744
	1745
	1747
	1748
	1746
	1749
	1751
	1752
	1754
	1755
	1753
	1756
	1758
	1759
	1761
	1762
	1760
	1763
	1765
	1766
	1768
	1769
	1767
	1770
	1772
	1773
	1775
	1776
	1774
	1777
	1779
	1780
	1782
	1783
	1781
	1784
	1786
	1787
	1789
	1790
	1788
	1791
	1793
	1794
	1796
	1797
	1795
	1798
	1800
	1801
	1803
	1804
	1802
	1805
	1808
	1212
	1809
	1810
	1811
	1209
	1813
	1814
	1815
	1816
	1813
	1487
	1808
	1819
	1814
	1821
	1810
	1823
	1815
	1825
	1809
	1817
	1818
	1206
	1828
	1820
	1822
	1204
	1830
	1824
	1826
	1328
	1832
	1835
	1836
	1837
	1838
	1839
	1840
	1841
	1842
	1843
	1844
	1845
	1847
	1848
	1849
	1850
	1851
	1852
	1853
	1854
	1855
	1856
	1859
	1860
	1861
	1862
	1863
	1864
	1865
	1866
	1867
	1868
	1869
	1871
	1872
	1873
	1874
	1875
	1876
	1877
	1878
	1879
	1880
	142
	1847
	1871
	106
	1837
	1872
	130
	1848
	1861
	118
	1838
	1862
	131
	1849
	1873
	95
	1835
	1874
	119
	1850
	1859
	107
	1836
	1860
	141
	1851
	1875
	105
	1843
	1876
	129
	1852
	1866
	117
	1844
	1867
	140
	1853
	1877
	104
	1841
	1878
	128
	1854
	1864
	116
	1842
	1865
	139
	1855
	1879
	103
	1839
	1880
	127
	1856
	1863
	115
	1840
	1868
	1885
	1886
	1887
	1888
	1902
	1903
	815
	524
	1889
	1890
	1891
	1892
	532
	823
	1905
	1906
	1893
	1894
	1895
	1896
	1908
	1388
	1909
	1897
	1898
	1899
	1900
	1911
	1912
	1914
	1915
	1916
	1917
	1918
	1920
	1921
	1922
	1923
	1925
	1926
	1927
	1928
	1929
	1930
	1932
	1933
	1934
	1935
	1936
	19
	1920
	925
	1914
	4
	1922
	930
	1917
	20
	1921
	936
	1916
	5
	1923
	939
	1915
	21
	1932
	1465
	1927
	22
	1933
	1467
	1926
	23
	1934
	1469
	1925
	6
	1935
	1471
	1929
	24
	1936
	1473
	1928
	1955
	1956
	1958
	1959
	1957
	1960
	1962
	1963
	1964
	1966
	1967
	1968
	1969
	1971
	1972
	1970
	1973
	1975
	1976
	1977
	1979
	1980
	1981
	1982
	1984
	1985
	1983
	1986
	1988
	1989
	1990
	1991
	1993
	1994
	1992
	1995
	1997
	1998
	1999
	2001
	2002
	2003
	2004
	2006
	2007
	2005
	2008
	2010
	2011
	2012
	2014
	2015
	2016
	2017
	2019
	2020
	2018
	2021
	2023
	2024
	2026
	2027
	2030
	2031
	2034
	2035
	2038
	2039
	1967
	1975
	2028
	1976
	1963
	2026
	2041
	2042
	1962
	1979
	2032
	1980
	1966
	2030
	2044
	2045
	2001
	2010
	2036
	2011
	1998
	2034
	2047
	2048
	1997
	2014
	2040
	2015
	2002
	2038
	2050
	2051
	2053
	2054
	2055
	2056
	2057
	2058
	2060
	2061
	2059
	2062
	1179
	253
	2065
	2066
	2067
	2068
	2070
	2071
	2072
	2073
	2074
	2076
	2077
	2079
	2080
	2081
	2082
	2084
	2085
	2086
	2087
	2088
	2076
	2090
	2071
	2089
	2091
	2093
	2077
	2095
	2070
	2094
	2096
	2098
	2073
	2100
	2072
	2102
	2086
	2104
	2085
	2106
	2084
	2108
	2087
	2092
	2068
	1067
	2111
	2097
	2067
	1056
	2113
	2099
	2066
	1044
	2115
	2101
	2065
	1031
	2117
	2103
	2081
	2119
	1010
	2105
	2080
	2121
	1008
	2107
	2079
	997
	2123
	2109
	2082
	985
	2125
	2127
	2128
	2129
	2130
	2132
	2133
	2134
	2135
	2136
	2138
	2139
	2141
	2142
	2143
	2144
	2146
	2147
	2148
	2149
	2150
	2138
	2152
	2133
	2151
	2153
	2155
	2139
	2157
	2132
	2156
	2158
	2160
	2135
	2162
	2134
	2164
	2148
	2166
	2147
	2168
	2146
	2170
	2149
	2154
	2130
	1319
	2173
	2159
	2129
	1308
	2175
	2161
	2128
	1296
	2177
	2163
	2127
	1283
	2179
	2165
	2143
	2181
	1262
	2167
	2142
	2183
	1260
	2169
	2141
	1249
	2185
	2171
	2144
	1237
	2187
	7
	733
	260
	242
	249
	2190
	2191
	1821
	2193
	1504
	2195
	2196
	2198
	1825
	1508
	2200
	2201
	2152
	2203
	2090
	2205
	2206
	2157
	2095
	2208
	2210
	2211
	2098
	2213
	2160
	2215
	2216
	2218
	2162
	2100
	2220
	2221
	2223
	2164
	2102
	2225
	2226
	2166
	2228
	2104
	2230
	2231
	2233
	2168
	749
	1208
	2106
	2235
	2236
	2237
	2238
	2239
	2241
	2242
	2243
	2244
	2246
	2247
	2248
	2249
	2250
	2252
	2253
	2254
	2255
	25
	2241
	1902
	2235
	32
	2243
	1906
	2238
	26
	2242
	1909
	2237
	33
	2244
	1911
	2236
	27
	2252
	1592
	2248
	34
	2253
	1594
	2247
	35
	2254
	1598
	2246
	28
	2255
	1600
	2249
	2272
	2273
	2275
	2276
	2274
	2277
	2279
	2280
	2282
	2283
	2281
	2284
	2286
	2287
	2289
	2290
	2288
	2291
	2293
	2294
	2296
	2297
	2295
	2298
	2300
	2301
	2303
	2304
	2302
	2305
	2307
	2308
	2310
	2311
	2309
	2312
	2270
	2271
	439
	365
	412
	2316
	2317
	1816
	2319
	1499
	2108
	2170
	174
	2321
	2322
	1819
	1502
	2324
	2326
	173
	2327
	2329
	1823
	1506
	2331
	172
	2332
	2088
	2150
	2334
	2336
	171
	2337
	2339
	2093
	2155
	2341
	2342
	1356
	1369
	2345
	2346
	1375
	1361
	1522
	1833
	1857
	1546
	241
	588
	2352
	612
	609
	2354
	2356
	625
	622
	2358
	2360
	638
	635
	2362
	2364
	2365
	2367
	2368
	2367
	2369
	2365
	2370
	2374
	2375
	2377
	2378
	2377
	2379
	2375
	2380
	2384
	2385
	2387
	2388
	2387
	2389
	2385
	2390
	2394
	654
	651
	2396
	2398
	667
	664
	2400
	2402
	2403
	2405
	2406
	2405
	2407
	2403
	2408
	2412
	2413
	2415
	2416
	2415
	2417
	2413
	2418
	2381
	2382
	2422
	2423
	2371
	2372
	2425
	2426
	2425
	2427
	2423
	2428
	2432
	2433
	2391
	2392
	2435
	2436
	2435
	2437
	2433
	2438
	2419
	2420
	2442
	2443
	2409
	2410
	2445
	2446
	2445
	2447
	2443
	2448
	694
	691
	2452
	704
	2429
	2430
	701
	2454
	2456
	712
	2439
	2440
	709
	2458
	700
	697
	2460
	718
	2449
	2450
	715
	2462
	2464
	737
	734
	2466
	2468
	765
	763
	2470
	2472
	977
	974
	2474
	2476
	990
	987
	2478
	2480
	1002
	999
	2482
	2484
	1015
	1012
	2486
	2488
	1022
	1019
	2490
	2492
	1036
	1033
	2494
	2496
	1049
	1046
	2498
	2500
	1061
	1058
	2502
	2504
	1072
	1069
	2506
	2508
	1198
	1195
	2510
	2512
	1223
	1221
	2514
	2516
	1229
	1226
	2518
	2520
	1242
	1239
	2522
	2524
	1254
	1251
	2526
	2528
	1267
	1264
	2530
	2532
	1274
	1271
	2534
	2536
	1288
	1285
	2538
	2540
	1301
	1298
	2542
	2544
	1313
	1310
	2546
	2548
	1324
	1321
	2550
	2552
	1607
	1604
	2554
	2556
	1620
	1617
	2558
	2560
	1633
	1630
	2562
	2564
	2565
	2567
	2568
	2567
	2569
	2565
	2570
	2574
	2575
	2577
	2578
	2577
	2579
	2575
	2580
	2584
	1642
	1639
	2586
	2588
	1655
	1652
	2590
	2592
	1668
	1665
	2594
	2596
	2597
	2599
	2600
	2599
	2601
	2597
	2602
	2606
	2607
	2609
	2610
	2609
	2611
	2607
	2612
	2581
	2582
	2616
	2617
	2571
	2572
	2619
	2620
	2619
	2621
	2617
	2622
	2613
	2614
	2626
	2627
	2603
	2604
	2629
	2630
	2629
	2631
	2627
	2632
	1695
	1692
	2636
	1704
	2623
	2624
	1702
	2638
	1701
	1698
	2640
	1709
	2633
	2634
	1706
	2642
	2644
	1740
	1937
	1938
	1737
	2646
	2648
	1747
	1939
	1940
	1744
	2650
	2652
	1754
	1941
	1942
	1751
	2654
	2656
	1761
	1943
	1944
	1758
	2658
	2660
	1768
	1945
	1946
	1765
	2662
	2664
	1775
	1947
	1948
	1772
	2666
	2668
	1782
	1949
	1950
	1779
	2670
	2672
	1789
	1951
	1952
	1786
	2674
	2676
	1796
	1953
	1954
	1793
	2678
	2680
	1803
	2256
	2257
	1800
	2682
	2684
	1958
	1881
	1882
	1883
	1884
	1955
	2686
	2688
	1971
	1968
	2690
	2692
	1984
	1981
	2694
	2696
	2697
	2699
	2700
	2699
	2701
	2697
	2702
	2706
	2707
	2709
	2710
	2709
	2711
	2707
	2712
	2716
	1993
	1990
	2718
	2720
	2006
	2003
	2722
	2724
	2019
	2016
	2726
	2728
	2729
	2731
	2732
	2731
	2733
	2729
	2734
	2713
	2714
	2738
	2739
	2703
	2704
	2741
	2742
	2741
	2743
	2739
	2744
	2046
	2043
	2748
	2055
	2745
	2746
	2053
	2750
	2052
	2049
	2752
	2060
	2735
	2736
	2057
	2754
	2756
	2275
	2258
	2259
	2272
	2758
	2760
	2282
	2260
	2261
	2279
	2762
	2764
	2289
	2262
	2263
	2286
	2766
	2768
	2296
	2264
	2265
	2293
	2770
	2772
	2303
	2266
	2267
	2300
	2774
	2776
	2310
	2268
	2269
	2307
	2778

233
	1
	2
	3
	4
	5
	6
	7
	8
	11
	14
	15
	16
	19
	20
	21
	22
	23
	24
	25
	26
	27
	28
	29
	32
	33
	34
	35
	36
	37
	40
	43
	44
	47
	48
	49
	50
	51
	52
	53
	54
	55
	56
	57
	60
	61
	62
	63
	64
	65
	66
	67
	68
	69
	72
	73
	74
	75
	76
	77
	78
	79
	80
	81
	82
	85
	86
	87
	88
	89
	90
	91
	92
	93
	94
	95
	96
	99
	100
	101
	102
	103
	104
	105
	106
	107
	108
	111
	112
	113
	114
	115
	116
	117
	118
	119
	120
	123
	124
	125
	126
	127
	128
	129
	130
	131
	132
	135
	136
	137
	138
	139
	140
	141
	142
	187
	192
	198
	199
	200
	201
	202
	203
	204
	205
	206
	207
	214
	215
	216
	217
	218
	219
	220
	221
	222
	223
	224
	225
	226
	227
	228
	229
	230
	231
	232
	233
	234
	235
	236
	237
	238
	239
	240
	266
	267
	268
	269
	270
	271
	272
	273
	274
	275
	276
	277
	278
	279
	280
	281
	282
	283
	284
	290
	291
	292
	293
	294
	295
	296
	297
	298
	299
	300
	301
	302
	303
	304
	305
	306
	307
	480
	511
	584
	601
	608
	722
	732
	940
	943
	1178
	1478
	1483
	1516
	2189
	2194
	2199
	2204
	2209
	2214
	2219
	2224
	2229
	2314
	2315
	2320
	2325
	2330
	2335
	2340
	2344
	2348
	2349
	2350
	2551
	2553
	2555
	2557
	2559
	2561
	2563
	2566
	2585
	2717

140
	308
	310
	312
	314
	316
	318
	149
	156
	158
	323
	325
	327
	329
	331
	333
	163
	336
	170
	339
	176
	178
	180
	182
	184
	186
	347
	349
	351
	353
	187
	189
	357
	359
	191
	192
	363
	365
	197
	198
	199
	200
	201
	202
	203
	204
	205
	206
	207
	378
	213
	214
	215
	216
	217
	218
	219
	220
	221
	222
	223
	224
	225
	226
	227
	395
	397
	228
	229
	230
	231
	232
	233
	234
	235
	236
	237
	238
	239
	240
	412
	244
	245
	246
	247
	248
	419
	250
	252
	423
	425
	254
	256
	429
	258
	261
	262
	263
	264
	265
	437
	439
	266
	267
	268
	269
	270
	271
	272
	273
	274
	275
	276
	277
	278
	279
	280
	281
	282
	283
	284
	287
	289
	290
	291
	292
	293
	294
	295
	296
	297
	298
	299
	300
	301
	302
	303
	304
	305
	306
	307

0	0

0	0
