
3562
	0	1	1	11	1
	3	1	1	1	792
	3	1	1	1	789
	3	1	1	1	975
	3	1	1	1	799
	3	1	1	1	1874
	3	1	1	1	1892
	3	1	1	1	1910
	3	1	1	1	1927
	3	1	1	1	1928
	3	1	1	1	1930
	3	1	1	1	2153
	0	1	2	6	12
	3	1	13	1	816
	3	1	13	1	802
	3	1	13	1	809
	3	1	13	1	1892
	3	1	13	1	1910
	3	1	13	1	1927
	0	1	3	12	18
	3	1	20	1	816
	3	1	20	1	821
	3	1	20	1	817
	3	1	20	1	826
	3	1	20	1	844
	3	1	20	1	1117
	3	1	20	1	1134
	3	1	20	1	1135
	3	1	20	1	1136
	3	1	20	1	1625
	3	1	20	1	1928
	3	1	20	1	1929
	0	1	4	7	30
	3	1	33	1	873
	3	1	33	1	843
	3	1	33	1	861
	3	1	33	1	865
	3	1	33	1	1800
	3	1	33	1	1928
	3	1	33	1	2152
	0	1	5	3	37
	3	1	41	1	873
	3	1	41	1	876
	3	1	41	1	883
	0	1	6	4	40
	3	1	45	1	883
	3	1	45	1	884
	3	1	45	1	887
	3	1	45	1	981
	0	1	7	7	44
	3	1	50	1	476
	3	1	50	1	486
	3	1	50	1	3225
	3	1	50	1	1080
	3	1	50	1	911
	3	1	50	1	1957
	3	1	50	1	1960
	0	1	8	9	51
	3	1	58	1	491
	3	1	58	1	500
	3	1	58	1	740
	3	1	58	1	913
	3	1	58	1	916
	3	1	58	1	3281
	3	1	58	1	3285
	3	1	58	1	2007
	3	1	58	1	2010
	0	1	9	8	60
	3	1	68	1	504
	3	1	68	1	507
	3	1	68	1	511
	3	1	68	1	918
	3	1	68	1	921
	3	1	68	1	983
	3	1	68	1	2058
	3	1	68	1	2061
	0	1	10	9	68
	3	1	77	1	520
	3	1	77	1	523
	3	1	77	1	526
	3	1	77	1	1079
	3	1	77	1	1085
	3	1	77	1	1101
	3	1	77	1	1820
	3	1	77	1	2108
	3	1	77	1	2111
	0	1	11	9	77
	3	1	87	1	535
	3	1	87	1	544
	3	1	87	1	359
	3	1	87	1	739
	3	1	87	1	924
	3	1	87	1	927
	3	1	87	1	1827
	3	1	87	1	2163
	3	1	87	1	2166
	0	1	12	9	86
	3	1	97	1	547
	3	1	97	1	556
	3	1	97	1	930
	3	1	97	1	933
	3	1	97	1	3289
	3	1	97	1	3293
	3	1	97	1	1834
	3	1	97	1	2215
	3	1	97	1	2218
	0	1	13	8	95
	3	1	107	1	560
	3	1	107	1	569
	3	1	107	1	1100
	3	1	107	1	936
	3	1	107	1	996
	3	1	107	1	1841
	3	1	107	1	2268
	3	1	107	1	2271
	0	1	14	7	103
	3	1	116	1	573
	3	1	116	1	583
	3	1	116	1	1107
	3	1	116	1	1113
	3	1	116	1	1848
	3	1	116	1	2320
	3	1	116	1	2323
	0	1	15	1	1333
	0	1	16	2	110
	3	1	125	1	1340
	3	1	125	1	1350
	0	1	17	3	112
	3	1	128	1	1339
	3	1	128	1	1357
	3	1	128	1	1367
	0	1	18	4	115
	3	1	132	1	1338
	3	1	132	1	1356
	3	1	132	1	1374
	3	1	132	1	1384
	0	1	19	5	119
	3	1	137	1	1337
	3	1	137	1	1355
	3	1	137	1	1373
	3	1	137	1	1391
	3	1	137	1	1401
	0	1	20	6	124
	3	1	143	1	1336
	3	1	143	1	1354
	3	1	143	1	1372
	3	1	143	1	1390
	3	1	143	1	1408
	3	1	143	1	1418
	0	1	21	8	130
	3	1	150	1	1066
	3	1	150	1	1335
	3	1	150	1	1353
	3	1	150	1	1371
	3	1	150	1	1389
	3	1	150	1	1407
	3	1	150	1	1425
	3	1	150	1	1435
	0	1	22	9	138
	3	1	159	1	1073
	3	1	159	1	1334
	3	1	159	1	1352
	3	1	159	1	1370
	3	1	159	1	1388
	3	1	159	1	1406
	3	1	159	1	1424
	3	1	159	1	1442
	3	1	159	1	1452
	0	1	23	9	147
	3	1	169	1	1626
	3	1	169	1	1984
	3	1	169	1	2034
	3	1	169	1	2085
	3	1	169	1	2135
	3	1	169	1	2192
	3	1	169	1	2244
	3	1	169	1	2297
	3	1	169	1	2349
	0	1	24	10	156
	3	1	179	1	1136
	3	1	179	1	1987
	3	1	179	1	2037
	3	1	179	1	2088
	3	1	179	1	2138
	3	1	179	1	2195
	3	1	179	1	2247
	3	1	179	1	2300
	3	1	179	1	2352
	3	1	179	1	2617
	0	1	25	9	166
	3	1	190	1	1120
	3	1	190	1	1990
	3	1	190	1	2040
	3	1	190	1	2091
	3	1	190	1	2141
	3	1	190	1	2198
	3	1	190	1	2250
	3	1	190	1	2303
	3	1	190	1	2355
	0	1	26	12	175
	3	1	200	1	1145
	3	1	200	1	1133
	3	1	200	1	1134
	3	1	200	1	1135
	3	1	200	1	1991
	3	1	200	1	2041
	3	1	200	1	2092
	3	1	200	1	2142
	3	1	200	1	2199
	3	1	200	1	2251
	3	1	200	1	2304
	3	1	200	1	2356
	0	1	27	8	187
	3	1	213	1	2386
	3	1	213	1	2389
	3	1	213	1	2390
	3	1	213	1	2394
	3	1	213	1	2399
	3	1	213	1	2403
	3	1	213	1	3104
	3	1	213	1	452
	0	1	28	1	1821
	0	1	29	2	195
	3	1	223	1	1822
	3	1	223	1	1828
	0	1	30	5	197
	3	1	226	1	588
	3	1	226	1	3177
	3	1	226	1	1829
	3	1	226	1	1835
	3	1	226	1	1972
	0	1	31	5	202
	3	1	232	1	589
	3	1	232	1	3179
	3	1	232	1	1836
	3	1	232	1	1842
	3	1	232	1	2022
	0	1	32	5	207
	3	1	238	1	590
	3	1	238	1	3181
	3	1	238	1	1843
	3	1	238	1	1849
	3	1	238	1	2073
	0	1	33	5	212
	3	1	244	1	591
	3	1	244	1	3183
	3	1	244	1	1850
	3	1	244	1	1856
	3	1	244	1	2123
	0	1	34	6	217
	3	1	250	1	592
	3	1	250	1	3185
	3	1	250	1	651
	3	1	250	1	1857
	3	1	250	1	1863
	3	1	250	1	2178
	0	1	35	6	223
	3	1	257	1	593
	3	1	257	1	3188
	3	1	257	1	650
	3	1	257	1	1864
	3	1	257	1	1870
	3	1	257	1	2230
	0	1	36	5	229
	3	1	264	1	594
	3	1	264	1	3195
	3	1	264	1	650
	3	1	264	1	1871
	3	1	264	1	2283
	0	1	37	3	234
	3	1	270	1	595
	3	1	270	1	3198
	3	1	270	1	2335
	0	1	38	8	237
	3	1	274	1	1973
	3	1	274	1	2023
	3	1	274	1	2074
	3	1	274	1	2124
	3	1	274	1	2179
	3	1	274	1	2231
	3	1	274	1	2284
	3	1	274	1	2336
	0	1	39	10	245
	3	1	283	1	1114
	3	1	283	1	1469
	3	1	283	1	1493
	3	1	283	1	1509
	3	1	283	1	1525
	3	1	283	1	1541
	3	1	283	1	1557
	3	1	283	1	1573
	3	1	283	1	1589
	3	1	283	1	1855
	0	1	40	8	255
	3	1	294	1	1486
	3	1	294	1	1510
	3	1	294	1	1526
	3	1	294	1	1542
	3	1	294	1	1558
	3	1	294	1	1574
	3	1	294	1	1590
	3	1	294	1	1862
	0	1	41	7	263
	3	1	303	1	1503
	3	1	303	1	1527
	3	1	303	1	1543
	3	1	303	1	1559
	3	1	303	1	1575
	3	1	303	1	1591
	3	1	303	1	1869
	0	1	42	5	270
	3	1	311	1	1520
	3	1	311	1	1544
	3	1	311	1	1560
	3	1	311	1	1576
	3	1	311	1	1592
	0	1	43	4	275
	3	1	317	1	1537
	3	1	317	1	1561
	3	1	317	1	1577
	3	1	317	1	1593
	0	1	44	3	279
	3	1	322	1	1554
	3	1	322	1	1578
	3	1	322	1	1594
	0	1	45	2	282
	3	1	326	1	1571
	3	1	326	1	1595
	0	1	46	1	1588
	0	1	47	12	284
	3	1	330	1	3305
	3	1	330	1	2689
	3	1	330	1	3447
	3	1	330	1	2728
	3	1	330	1	3459
	3	1	330	1	2766
	3	1	330	1	3471
	3	1	330	1	2805
	3	1	330	1	3481
	3	1	330	1	2838
	3	1	330	1	2848
	3	1	330	1	428
	0	1	48	5	296
	3	1	343	1	2390
	3	1	343	1	2394
	3	1	343	1	2399
	3	1	343	1	2403
	3	1	343	1	3107
	-1	2	563	1	350
	-3	1	349	1	353
	-1	2	569	1	352
	-3	1	351	1	353
	-1	2	301	1	454
	3	1	523	1	356
	2	3	586	1	356
	-1	2	303	1	357
	-3	1	356	1	455
	3	1	704	1	359
	2	2	305	1	360
	-3	1	359	1	456
	-1	2	580	1	363
	-1	2	582	1	363
	-1	2	307	1	367
	-1	2	530	1	366
	-1	2	532	1	366
	-1	2	309	1	367
	-1	2	311	1	457
	3	1	1010	1	371
	3	1	1012	1	371
	3	1	1014	1	371
	1	3	313	1	374
	-2	3	1070	1	373
	-3	1	372	1	374
	-1	2	316	1	458
	3	1	1019	1	378
	3	1	1024	1	378
	3	1	1026	1	378
	1	3	318	1	381
	-2	3	1073	1	380
	-3	1	379	1	381
	2	2	321	1	459
	3	1	1031	1	385
	3	1	1033	1	385
	3	1	1038	1	385
	1	3	323	1	388
	-2	3	1076	1	387
	-3	1	386	1	388
	2	2	326	1	460
	-1	2	2763	1	391
	-3	1	2377	1	391
	2	2	328	1	392
	-3	1	391	1	461
	3	1	2408	1	395
	3	1	2366	1	395
	2	2	330	1	462
	3	1	2909	1	398
	3	1	2909	1	398
	2	2	332	1	463
	3	1	2927	1	401
	3	1	2927	1	401
	2	2	334	1	464
	3	1	2947	1	403
	-3	1	402	1	405
	3	1	2945	1	405
	2	2	336	1	465
	3	1	2964	1	407
	-3	1	406	1	409
	3	1	2961	1	409
	2	2	338	1	466
	3	1	2980	1	411
	-3	1	410	1	413
	3	1	2978	1	413
	2	2	340	1	467
	3	1	2996	1	415
	-3	1	414	1	417
	3	1	2994	1	417
	2	2	342	1	468
	3	1	3012	1	419
	-3	1	418	1	421
	3	1	3010	1	421
	2	2	344	1	469
	3	1	3028	1	423
	-3	1	422	1	425
	3	1	3026	1	425
	2	2	346	1	470
	3	1	2653	1	428
	-3	1	2860	1	428
	2	3	348	1	432
	3	1	2657	1	431
	3	1	2859	1	431
	2	2	351	1	432
	1	2	353	1	471
	-1	2	3541	1	435
	-1	2	3543	1	435
	-1	2	355	1	439
	-1	2	3537	1	438
	-1	2	3539	1	438
	-1	2	357	1	439
	-1	2	359	1	472
	-1	2	3617	1	442
	-1	2	3619	1	442
	-1	2	361	1	446
	-1	2	3613	1	445
	-1	2	3615	1	445
	-1	2	363	1	446
	2	2	365	1	473
	3	1	3171	1	449
	3	1	3173	1	449
	2	2	367	1	450
	-3	1	449	1	474
	-2	2	3638	1	452
	2	2	369	1	453
	-3	1	452	1	475
	4	1	353	0	0
	4	1	357	0	0
	4	1	360	0	0
	4	1	367	0	0
	4	1	374	0	0
	4	1	381	0	0
	4	1	388	0	0
	4	1	392	0	0
	4	1	395	0	0
	4	1	398	0	0
	4	1	401	0	0
	4	1	405	0	0
	4	1	409	0	0
	4	1	413	0	0
	4	1	417	0	0
	4	1	421	0	0
	4	1	425	0	0
	4	1	432	0	0
	4	1	439	0	0
	4	1	446	0	0
	4	1	450	0	0
	4	1	453	0	0
	2	1	51	9	371
	3	1	476	1	588
	3	1	476	1	735
	3	1	476	1	1351
	3	1	476	1	1369
	3	1	476	1	1387
	3	1	476	1	1405
	3	1	476	1	1423
	3	1	476	1	1441
	3	1	476	1	1459
	-3	1	52	4	380
	3	1	486	1	713
	3	1	486	1	740
	3	1	486	1	1623
	3	1	486	1	1703
	2	1	59	8	384
	3	1	491	1	589
	3	1	491	1	1368
	3	1	491	1	1386
	3	1	491	1	1404
	3	1	491	1	1422
	3	1	491	1	1440
	3	1	491	1	1458
	3	1	491	1	1470
	-3	1	60	3	392
	3	1	500	1	3228
	3	1	500	1	700
	3	1	500	1	1714
	2	1	69	2	395
	3	1	504	1	712
	3	1	504	1	725
	-3	1	70	3	397
	3	1	507	1	3235
	3	1	507	1	700
	3	1	507	1	1725
	2	1	71	8	400
	3	1	511	1	590
	3	1	511	1	1385
	3	1	511	1	1403
	3	1	511	1	1421
	3	1	511	1	1439
	3	1	511	1	1457
	3	1	511	1	1471
	3	1	511	1	1487
	2	1	78	2	408
	3	1	520	1	712
	3	1	520	1	720
	-3	1	79	3	410
	3	1	523	1	3238
	3	1	523	1	1736
	2	1	80	8	413
	3	1	526	1	591
	3	1	526	1	1402
	3	1	526	1	1420
	3	1	526	1	1438
	3	1	526	1	1456
	3	1	526	1	1472
	3	1	526	1	1488
	3	1	526	1	1504
	2	1	88	8	421
	3	1	535	1	592
	3	1	535	1	1419
	3	1	535	1	1437
	3	1	535	1	1455
	3	1	535	1	1473
	3	1	535	1	1489
	3	1	535	1	1505
	3	1	535	1	1521
	-3	1	89	2	429
	3	1	544	1	3245
	3	1	544	1	694
	2	1	98	8	431
	3	1	547	1	593
	3	1	547	1	1436
	3	1	547	1	1454
	3	1	547	1	1474
	3	1	547	1	1490
	3	1	547	1	1506
	3	1	547	1	1522
	3	1	547	1	1538
	-3	1	99	3	439
	3	1	556	1	3248
	3	1	556	1	704
	3	1	556	1	757
	2	1	108	8	442
	3	1	560	1	594
	3	1	560	1	1453
	3	1	560	1	1475
	3	1	560	1	1491
	3	1	560	1	1507
	3	1	560	1	1523
	3	1	560	1	1539
	3	1	560	1	1555
	-3	1	109	3	450
	3	1	569	1	3255
	3	1	569	1	704
	3	1	569	1	787
	2	1	117	9	453
	3	1	573	1	595
	3	1	573	1	734
	3	1	573	1	1476
	3	1	573	1	1492
	3	1	573	1	1508
	3	1	573	1	1524
	3	1	573	1	1540
	3	1	573	1	1556
	3	1	573	1	1572
	-3	1	118	4	462
	3	1	583	1	3258
	3	1	583	1	707
	3	1	583	1	711
	3	1	583	1	776
	-1	2	466	1	596
	-1	2	468	1	596
	-1	2	470	1	596
	-1	2	472	1	596
	-1	2	474	1	597
	-1	2	476	1	597
	-1	2	478	1	597
	-1	2	480	1	597
	2	4	482	1	649
	2	4	486	1	649
	3	1	3179	1	600
	-3	1	3178	1	600
	-1	2	490	1	604
	3	1	3177	1	603
	-3	1	3180	1	603
	-1	2	492	1	604
	-1	2	494	2	496
	3	1	604	1	3205
	3	1	604	1	3209
	3	1	3183	1	609
	-3	1	3182	1	609
	-1	2	498	1	613
	3	1	3181	1	612
	-3	1	3184	1	612
	-1	2	500	1	613
	-1	2	502	2	504
	3	1	613	1	3207
	3	1	613	1	3211
	3	1	3207	1	618
	-3	1	3206	1	618
	-1	2	506	1	622
	3	1	3205	1	621
	-3	1	3208	1	621
	-1	2	508	1	622
	-1	2	510	1	623
	-3	1	622	1	746
	3	1	3211	1	626
	-3	1	3210	1	626
	-1	2	512	1	630
	3	1	3209	1	629
	-3	1	3212	1	629
	-1	2	514	1	630
	-1	2	516	2	518
	3	1	630	1	3217
	3	1	630	1	3221
	3	1	3215	1	635
	-3	1	3214	1	635
	-1	2	520	1	639
	3	1	3213	1	638
	-3	1	3216	1	638
	-1	2	522	1	639
	-1	2	524	2	526
	3	1	639	1	642
	3	1	639	1	691
	2	1	640	2	528
	3	1	642	1	3219
	3	1	642	1	3223
	3	1	3223	1	364
	-3	1	3222	1	364
	3	1	3221	1	365
	-3	1	3224	1	365
	-1	2	534	1	1014
	1	2	536	1	651
	2	2	538	1	1012
	3	1	3267	1	654
	-3	1	3266	1	654
	-1	2	540	1	658
	3	1	3265	1	657
	-3	1	3268	1	657
	-1	2	542	1	658
	-1	2	544	3	546
	3	1	658	1	3273
	3	1	658	1	3277
	3	1	658	1	764
	3	1	3271	1	664
	-3	1	3270	1	664
	-1	2	549	1	668
	3	1	3269	1	667
	-3	1	3272	1	667
	-1	2	551	1	668
	-1	2	553	2	555
	3	1	668	1	671
	3	1	668	1	754
	2	1	669	2	557
	3	1	671	1	3275
	3	1	671	1	3279
	3	1	3279	1	676
	-3	1	3278	1	676
	-1	2	559	1	349
	3	1	3277	1	679
	-3	1	3280	1	679
	-1	2	561	1	349
	3	1	3275	1	682
	-3	1	3274	1	682
	-1	2	565	1	351
	3	1	3273	1	685
	-3	1	3276	1	685
	-1	2	567	1	351
	3	1	889	1	687
	-3	1	686	1	691
	3	1	889	1	690
	3	1	891	1	690
	2	2	571	1	694
	2	2	573	1	695
	3	1	891	1	693
	-3	1	692	1	695
	2	2	575	1	695
	1	3	577	1	1747
	3	1	3219	1	361
	-3	1	3218	1	361
	3	1	3217	1	362
	-3	1	3220	1	362
	-1	2	584	1	735
	3	1	911	1	355
	3	1	916	1	355
	3	1	921	1	355
	-1	2	589	2	591
	3	1	704	1	739
	3	1	994	1	707
	2	2	593	2	595
	3	1	707	1	740
	3	1	707	1	1026
	3	1	994	1	711
	-1	2	597	1	786
	-1	2	599	1	740
	2	1	487	2	601
	3	1	713	1	716
	3	1	713	1	725
	-3	1	714	1	720
	-1	2	608	1	719
	-1	2	610	1	719
	-1	2	603	1	720
	2	3	605	1	726
	3	1	3283	1	717
	-3	1	3282	1	717
	3	1	3281	1	718
	-3	1	3284	1	718
	2	2	612	1	726
	1	2	614	1	1031
	3	1	3291	1	729
	-3	1	3290	1	729
	-1	2	616	1	733
	3	1	3289	1	732
	-3	1	3292	1	732
	-1	2	618	1	733
	-1	2	620	1	734
	2	2	622	1	1033
	2	2	624	3	626
	3	1	735	1	765
	3	1	735	1	1010
	3	1	735	1	1019
	-1	2	629	1	775
	2	4	631	1	747
	3	1	887	1	742
	2	1	741	2	635
	3	1	742	1	745
	3	1	742	1	747
	-3	1	743	1	746
	2	2	637	1	748
	2	2	639	1	748
	-2	2	641	1	785
	3	1	889	1	750
	-3	1	749	1	754
	3	1	889	1	753
	3	1	891	1	753
	2	2	643	1	757
	2	2	645	1	758
	3	1	891	1	756
	-3	1	755	1	758
	2	2	647	1	758
	1	3	649	1	1758
	3	1	887	1	760
	2	1	759	2	652
	3	1	760	1	763
	3	1	760	1	765
	-3	1	761	1	764
	2	2	654	1	766
	2	2	656	1	766
	-2	2	658	1	774
	3	1	889	1	768
	-3	1	767	1	774
	3	1	891	1	770
	-3	1	769	1	775
	3	1	889	1	773
	3	1	891	1	773
	2	2	660	1	776
	2	2	662	1	777
	2	2	664	1	777
	2	2	666	1	777
	1	3	668	1	1780
	3	1	889	1	779
	-3	1	778	1	785
	3	1	891	1	781
	-3	1	780	1	786
	3	1	889	1	784
	3	1	891	1	784
	2	2	671	1	787
	2	2	673	1	788
	2	2	675	1	788
	2	2	677	1	788
	1	3	679	1	1769
	-3	1	3	2	682
	3	1	789	1	908
	3	1	789	1	2379
	2	1	2	6	684
	3	1	792	1	940
	3	1	792	1	945
	3	1	792	1	946
	3	1	792	1	949
	3	1	792	1	952
	3	1	792	1	1627
	-3	1	5	2	690
	3	1	799	1	901
	3	1	799	1	892
	2	1	15	3	692
	3	1	802	1	806
	3	1	802	1	981
	3	1	802	1	2379
	2	1	803	2	695
	3	1	806	1	940
	3	1	806	1	1627
	-3	1	16	6	697
	3	1	809	1	945
	3	1	809	1	946
	3	1	809	1	949
	3	1	809	1	952
	3	1	809	1	1648
	3	1	809	1	1657
	2	2	703	1	1873
	-3	1	23	3	705
	3	1	817	1	1648
	3	1	817	1	981
	3	1	817	1	2379
	2	1	22	4	708
	3	1	821	1	940
	3	1	821	1	945
	3	1	821	1	946
	3	1	821	1	952
	-3	1	24	16	712
	3	1	826	1	1061
	3	1	826	1	1063
	3	1	826	1	1068
	3	1	826	1	1070
	3	1	826	1	1075
	3	1	826	1	1077
	3	1	826	1	1082
	3	1	826	1	1084
	3	1	826	1	1089
	3	1	826	1	1091
	3	1	826	1	1096
	3	1	826	1	1098
	3	1	826	1	1103
	3	1	826	1	1105
	3	1	826	1	1110
	3	1	826	1	1112
	-3	1	35	1	844
	1	2	728	16	730
	3	1	844	1	1062
	3	1	844	1	1063
	3	1	844	1	1069
	3	1	844	1	1070
	3	1	844	1	1076
	3	1	844	1	1077
	3	1	844	1	1083
	3	1	844	1	1084
	3	1	844	1	1090
	3	1	844	1	1091
	3	1	844	1	1097
	3	1	844	1	1098
	3	1	844	1	1104
	3	1	844	1	1105
	3	1	844	1	1111
	3	1	844	1	1112
	2	1	36	3	746
	3	1	861	1	1615
	3	1	861	1	889
	3	1	861	1	1597
	-3	1	37	3	749
	3	1	865	1	869
	3	1	865	1	891
	3	1	865	1	1782
	2	1	866	3	752
	3	1	869	1	1612
	3	1	869	1	1648
	3	1	869	1	1657
	2	2	755	2	757
	3	1	873	1	1891
	3	1	873	1	1909
	-3	1	43	2	759
	3	1	876	1	879
	3	1	876	1	901
	2	1	877	3	761
	3	1	879	1	952
	3	1	879	1	1612
	3	1	879	1	1615
	1	2	764	1	892
	2	1	47	2	766
	3	1	884	1	901
	3	1	884	1	908
	-3	1	48	2	768
	3	1	945	1	889
	-1	2	770	8	772
	3	1	945	1	891
	-1	2	780	8	782
	2	2	790	8	792
	3	1	892	1	1971
	3	1	892	1	1973
	3	1	892	1	2021
	3	1	892	1	2023
	3	1	892	1	2072
	3	1	892	1	2074
	3	1	892	1	2122
	3	1	892	1	2124
	2	3	800	6	803
	3	1	901	1	2229
	3	1	901	1	2231
	3	1	901	1	2282
	3	1	901	1	2284
	3	1	901	1	2334
	3	1	901	1	2336
	2	2	809	2	811
	3	1	908	1	2177
	3	1	908	1	2179
	-3	1	55	2	813
	3	1	911	1	982
	2	1	62	2	815
	3	1	913	1	1065
	3	1	913	1	1087
	-3	1	63	2	817
	3	1	916	1	982
	2	1	72	2	819
	3	1	918	1	1072
	3	1	918	1	1094
	-3	1	73	3	821
	3	1	921	1	982
	3	1	921	1	1078
	2	1	92	2	824
	3	1	924	1	1086
	3	1	924	1	1108
	-3	1	93	2	826
	3	1	927	1	994
	3	1	927	1	995
	2	1	100	2	828
	3	1	930	1	1093
	3	1	930	1	1115
	-3	1	101	2	830
	3	1	933	1	994
	3	1	933	1	995
	-3	1	111	3	832
	3	1	936	1	994
	3	1	936	1	995
	3	1	936	1	1106
	-1	3	835	4	838
	3	1	940	1	1007
	3	1	940	1	1009
	3	1	940	1	1029
	3	1	940	1	1030
	2	3	842	2	845
	-1	3	847	2	850
	3	1	946	1	1008
	3	1	946	1	1009
	-1	2	852	2	854
	3	1	949	1	1028
	3	1	949	1	1030
	-1	4	856	2	860
	3	1	952	1	955
	3	1	952	1	972
	2	1	953	16	862
	3	1	955	1	2898
	3	1	955	1	2899
	3	1	955	1	2916
	3	1	955	1	2917
	3	1	955	1	2934
	3	1	955	1	2935
	3	1	955	1	2950
	3	1	955	1	2951
	3	1	955	1	2967
	3	1	955	1	2968
	3	1	955	1	2983
	3	1	955	1	2984
	3	1	955	1	2999
	3	1	955	1	3000
	3	1	955	1	3015
	3	1	955	1	3016
	2	1	954	2	878
	3	1	972	1	1016
	3	1	972	1	1018
	2	1	4	2	880
	3	1	975	1	1044
	3	1	975	1	978
	2	1	977	2	882
	3	1	978	1	1017
	3	1	978	1	1018
	-1	3	884	1	1044
	-1	3	887	1	1064
	2	1	74	2	890
	3	1	983	1	3283
	3	1	983	1	3287
	-1	2	894	1	988
	-1	2	896	1	988
	-1	2	892	1	989
	-3	1	988	1	1071
	3	1	3287	1	986
	-3	1	3286	1	986
	3	1	3285	1	987
	-3	1	3288	1	987
	2	3	898	2	901
	-1	3	903	1	1092
	2	1	112	2	906
	3	1	996	1	3291
	3	1	996	1	3295
	-1	2	910	1	1001
	-1	2	912	1	1001
	-1	2	908	1	1002
	-3	1	1001	1	1099
	3	1	3295	1	999
	-3	1	3294	1	999
	3	1	3293	1	1000
	-3	1	3296	1	1000
	-3	1	941	1	1010
	-3	1	947	1	1012
	2	2	914	1	1014
	2	2	916	2	918
	3	1	1010	1	372
	2	2	920	2	922
	3	1	1012	1	372
	2	2	924	2	926
	3	1	1014	1	372
	-3	1	973	1	1019
	-3	1	979	1	1024
	2	2	928	1	1026
	2	2	930	2	932
	3	1	1019	1	379
	3	1	2848	1	1023
	3	1	2850	1	1023
	1	2	934	1	1024
	2	2	936	2	938
	3	1	1024	1	379
	2	2	940	2	942
	3	1	1026	1	379
	-3	1	950	1	1031
	-3	1	943	1	1033
	2	2	944	1	1038
	2	2	946	2	948
	3	1	1031	1	386
	2	2	950	2	952
	3	1	1033	1	386
	-1	2	960	1	1037
	-1	2	962	1	1037
	-1	2	954	1	1038
	2	2	956	2	958
	3	1	1038	1	386
	3	1	3305	1	1035
	-3	1	3304	1	1035
	3	1	3303	1	1036
	-3	1	3306	1	1036
	2	2	964	16	966
	3	1	1044	1	2897
	3	1	1044	1	2899
	3	1	1044	1	2915
	3	1	1044	1	2917
	3	1	1044	1	2933
	3	1	1044	1	2935
	3	1	1044	1	2949
	3	1	1044	1	2951
	3	1	1044	1	2966
	3	1	1044	1	2968
	3	1	1044	1	2982
	3	1	1044	1	2984
	3	1	1044	1	2998
	3	1	1044	1	3000
	3	1	1044	1	3014
	3	1	1044	1	3016
	-3	1	827	1	1064
	-3	1	845	1	1065
	2	2	982	1	1066
	2	2	984	1	1067
	2	2	986	1	1067
	2	2	988	1	1067
	1	3	990	1	1954
	-3	1	829	1	1071
	-3	1	847	1	1072
	2	2	993	1	1073
	2	2	995	1	1074
	2	2	997	1	1074
	2	2	999	1	1074
	1	3	1001	1	2004
	-3	1	831	1	1078
	-3	1	849	1	1079
	2	2	1004	1	1080
	2	2	1006	1	1081
	2	2	1008	1	1081
	2	2	1010	1	1081
	1	3	1012	1	2055
	-3	1	833	1	1085
	-3	1	851	1	1086
	2	2	1015	1	1087
	2	2	1017	1	1088
	2	2	1019	1	1088
	2	2	1021	1	1088
	1	3	1023	1	2105
	-3	1	835	1	1092
	-3	1	853	1	1093
	2	2	1026	1	1094
	2	2	1028	1	1095
	2	2	1030	1	1095
	2	2	1032	1	1095
	1	3	1034	1	2160
	-3	1	837	1	1099
	-3	1	855	1	1100
	2	2	1037	1	1101
	2	2	1039	1	1102
	2	2	1041	1	1102
	2	2	1043	1	1102
	1	3	1045	1	2212
	-3	1	839	1	1106
	-3	1	857	1	1107
	2	2	1048	1	1108
	2	2	1050	1	1109
	2	2	1052	1	1109
	2	2	1054	1	1109
	1	3	1056	1	2265
	-3	1	841	1	1113
	-3	1	859	1	1114
	2	2	1059	1	1115
	2	2	1061	1	1116
	2	2	1063	1	1116
	2	2	1065	1	1116
	1	3	1067	1	2317
	-3	1	26	2	1079
	3	1	1117	1	1123
	3	1	1117	1	1128
	2	1	191	2	1081
	3	1	1120	1	1123
	3	1	1120	1	1128
	1	2	1083	4	1085
	3	1	1123	1	1181
	3	1	1123	1	1193
	3	1	1123	1	1229
	3	1	1123	1	1241
	-2	2	1089	4	1091
	3	1	1128	1	1157
	3	1	1128	1	1169
	3	1	1128	1	1205
	3	1	1128	1	1217
	-3	1	202	1	1148
	2	2	1095	1	1151
	-1	2	1097	1	1154
	2	2	1099	2	1101
	3	1	1136	1	1139
	3	1	1136	1	1142
	2	1	1137	2	1103
	3	1	1139	1	1145
	3	1	1139	1	1148
	-3	1	1138	2	1105
	3	1	1142	1	1151
	3	1	1142	1	1154
	2	2	1107	2	1109
	3	1	1145	1	1217
	3	1	1145	1	1241
	2	2	1111	2	1113
	3	1	1148	1	1205
	3	1	1148	1	1229
	2	2	1115	2	1117
	3	1	1151	1	1169
	3	1	1151	1	1193
	2	2	1119	2	1121
	3	1	1154	1	1157
	3	1	1154	1	1181
	-1	2	1123	2	1125
	3	1	1157	1	1160
	3	1	1157	1	1253
	2	1	1158	8	1127
	3	1	1160	1	1325
	3	1	1160	1	1342
	3	1	1160	1	1359
	3	1	1160	1	1376
	3	1	1160	1	1393
	3	1	1160	1	1410
	3	1	1160	1	1427
	3	1	1160	1	1444
	-1	2	1135	2	1137
	3	1	1169	1	1172
	3	1	1169	1	1262
	2	1	1170	8	1139
	3	1	1172	1	1326
	3	1	1172	1	1343
	3	1	1172	1	1360
	3	1	1172	1	1377
	3	1	1172	1	1394
	3	1	1172	1	1411
	3	1	1172	1	1428
	3	1	1172	1	1445
	-1	2	1147	2	1149
	3	1	1181	1	1184
	3	1	1181	1	1271
	2	1	1182	8	1151
	3	1	1184	1	1327
	3	1	1184	1	1344
	3	1	1184	1	1361
	3	1	1184	1	1378
	3	1	1184	1	1395
	3	1	1184	1	1412
	3	1	1184	1	1429
	3	1	1184	1	1446
	-1	2	1159	2	1161
	3	1	1193	1	1196
	3	1	1193	1	1280
	2	1	1194	8	1163
	3	1	1196	1	1328
	3	1	1196	1	1345
	3	1	1196	1	1362
	3	1	1196	1	1379
	3	1	1196	1	1396
	3	1	1196	1	1413
	3	1	1196	1	1430
	3	1	1196	1	1447
	-1	2	1171	2	1173
	3	1	1205	1	1208
	3	1	1205	1	1289
	2	1	1206	8	1175
	3	1	1208	1	1329
	3	1	1208	1	1346
	3	1	1208	1	1363
	3	1	1208	1	1380
	3	1	1208	1	1397
	3	1	1208	1	1414
	3	1	1208	1	1431
	3	1	1208	1	1448
	-1	2	1183	2	1185
	3	1	1217	1	1220
	3	1	1217	1	1298
	2	1	1218	8	1187
	3	1	1220	1	1330
	3	1	1220	1	1347
	3	1	1220	1	1364
	3	1	1220	1	1381
	3	1	1220	1	1398
	3	1	1220	1	1415
	3	1	1220	1	1432
	3	1	1220	1	1449
	-1	2	1195	2	1197
	3	1	1229	1	1232
	3	1	1229	1	1307
	2	1	1230	8	1199
	3	1	1232	1	1331
	3	1	1232	1	1348
	3	1	1232	1	1365
	3	1	1232	1	1382
	3	1	1232	1	1399
	3	1	1232	1	1416
	3	1	1232	1	1433
	3	1	1232	1	1450
	-1	2	1207	2	1209
	3	1	1241	1	1244
	3	1	1241	1	1316
	2	1	1242	8	1211
	3	1	1244	1	1332
	3	1	1244	1	1349
	3	1	1244	1	1366
	3	1	1244	1	1383
	3	1	1244	1	1400
	3	1	1244	1	1417
	3	1	1244	1	1434
	3	1	1244	1	1451
	2	1	1159	8	1219
	3	1	1253	1	1461
	3	1	1253	1	1478
	3	1	1253	1	1495
	3	1	1253	1	1512
	3	1	1253	1	1529
	3	1	1253	1	1546
	3	1	1253	1	1563
	3	1	1253	1	1580
	2	1	1171	8	1227
	3	1	1262	1	1462
	3	1	1262	1	1479
	3	1	1262	1	1496
	3	1	1262	1	1513
	3	1	1262	1	1530
	3	1	1262	1	1547
	3	1	1262	1	1564
	3	1	1262	1	1581
	2	1	1183	8	1235
	3	1	1271	1	1463
	3	1	1271	1	1480
	3	1	1271	1	1497
	3	1	1271	1	1514
	3	1	1271	1	1531
	3	1	1271	1	1548
	3	1	1271	1	1565
	3	1	1271	1	1582
	2	1	1195	8	1243
	3	1	1280	1	1464
	3	1	1280	1	1481
	3	1	1280	1	1498
	3	1	1280	1	1515
	3	1	1280	1	1532
	3	1	1280	1	1549
	3	1	1280	1	1566
	3	1	1280	1	1583
	2	1	1207	8	1251
	3	1	1289	1	1465
	3	1	1289	1	1482
	3	1	1289	1	1499
	3	1	1289	1	1516
	3	1	1289	1	1533
	3	1	1289	1	1550
	3	1	1289	1	1567
	3	1	1289	1	1584
	2	1	1219	8	1259
	3	1	1298	1	1466
	3	1	1298	1	1483
	3	1	1298	1	1500
	3	1	1298	1	1517
	3	1	1298	1	1534
	3	1	1298	1	1551
	3	1	1298	1	1568
	3	1	1298	1	1585
	2	1	1231	8	1267
	3	1	1307	1	1467
	3	1	1307	1	1484
	3	1	1307	1	1501
	3	1	1307	1	1518
	3	1	1307	1	1535
	3	1	1307	1	1552
	3	1	1307	1	1569
	3	1	1307	1	1586
	2	1	1243	8	1275
	3	1	1316	1	1468
	3	1	1316	1	1485
	3	1	1316	1	1502
	3	1	1316	1	1519
	3	1	1316	1	1536
	3	1	1316	1	1553
	3	1	1316	1	1570
	3	1	1316	1	1587
	-3	1	1161	1	1333
	-3	1	1173	1	1334
	-3	1	1185	1	1335
	-3	1	1197	1	1336
	-3	1	1209	1	1337
	-3	1	1221	1	1338
	-3	1	1233	1	1339
	-3	1	1245	1	1340
	2	2	1283	1	1341
	2	2	1285	1	1341
	2	2	1287	1	1341
	2	2	1289	1	1341
	2	2	1291	1	1341
	2	2	1293	1	1341
	2	2	1295	1	1341
	2	2	1297	1	1341
	-2	8	1299	1	1621
	-3	1	1162	1	1350
	-3	1	1174	1	1351
	-3	1	1186	1	1352
	-3	1	1198	1	1353
	-3	1	1210	1	1354
	-3	1	1222	1	1355
	-3	1	1234	1	1356
	-3	1	1246	1	1357
	2	2	1307	1	1358
	2	2	1309	1	1358
	2	2	1311	1	1358
	2	2	1313	1	1358
	2	2	1315	1	1358
	2	2	1317	1	1358
	2	2	1319	1	1358
	2	2	1321	1	1358
	-2	8	1323	1	1667
	-3	1	1163	1	1367
	-3	1	1175	1	1368
	-3	1	1187	1	1369
	-3	1	1199	1	1370
	-3	1	1211	1	1371
	-3	1	1223	1	1372
	-3	1	1235	1	1373
	-3	1	1247	1	1374
	2	2	1331	1	1375
	2	2	1333	1	1375
	2	2	1335	1	1375
	2	2	1337	1	1375
	2	2	1339	1	1375
	2	2	1341	1	1375
	2	2	1343	1	1375
	2	2	1345	1	1375
	-2	8	1347	1	1671
	-3	1	1164	1	1384
	-3	1	1176	1	1385
	-3	1	1188	1	1386
	-3	1	1200	1	1387
	-3	1	1212	1	1388
	-3	1	1224	1	1389
	-3	1	1236	1	1390
	-3	1	1248	1	1391
	2	2	1355	1	1392
	2	2	1357	1	1392
	2	2	1359	1	1392
	2	2	1361	1	1392
	2	2	1363	1	1392
	2	2	1365	1	1392
	2	2	1367	1	1392
	2	2	1369	1	1392
	-2	8	1371	1	1675
	-3	1	1165	1	1401
	-3	1	1177	1	1402
	-3	1	1189	1	1403
	-3	1	1201	1	1404
	-3	1	1213	1	1405
	-3	1	1225	1	1406
	-3	1	1237	1	1407
	-3	1	1249	1	1408
	2	2	1379	1	1409
	2	2	1381	1	1409
	2	2	1383	1	1409
	2	2	1385	1	1409
	2	2	1387	1	1409
	2	2	1389	1	1409
	2	2	1391	1	1409
	2	2	1393	1	1409
	-2	8	1395	1	1679
	-3	1	1166	1	1418
	-3	1	1178	1	1419
	-3	1	1190	1	1420
	-3	1	1202	1	1421
	-3	1	1214	1	1422
	-3	1	1226	1	1423
	-3	1	1238	1	1424
	-3	1	1250	1	1425
	2	2	1403	1	1426
	2	2	1405	1	1426
	2	2	1407	1	1426
	2	2	1409	1	1426
	2	2	1411	1	1426
	2	2	1413	1	1426
	2	2	1415	1	1426
	2	2	1417	1	1426
	-2	8	1419	1	1683
	-3	1	1167	1	1435
	-3	1	1179	1	1436
	-3	1	1191	1	1437
	-3	1	1203	1	1438
	-3	1	1215	1	1439
	-3	1	1227	1	1440
	-3	1	1239	1	1441
	-3	1	1251	1	1442
	2	2	1427	1	1443
	2	2	1429	1	1443
	2	2	1431	1	1443
	2	2	1433	1	1443
	2	2	1435	1	1443
	2	2	1437	1	1443
	2	2	1439	1	1443
	2	2	1441	1	1443
	-2	8	1443	1	1687
	-3	1	1168	1	1452
	-3	1	1180	1	1453
	-3	1	1192	1	1454
	-3	1	1204	1	1455
	-3	1	1216	1	1456
	-3	1	1228	1	1457
	-3	1	1240	1	1458
	-3	1	1252	1	1459
	2	2	1451	1	1460
	2	2	1453	1	1460
	2	2	1455	1	1460
	2	2	1457	1	1460
	2	2	1459	1	1460
	2	2	1461	1	1460
	2	2	1463	1	1460
	2	2	1465	1	1460
	-2	8	1467	1	1691
	-3	1	1254	1	1469
	-3	1	1263	1	1470
	-3	1	1272	1	1471
	-3	1	1281	1	1472
	-3	1	1290	1	1473
	-3	1	1299	1	1474
	-3	1	1308	1	1475
	-3	1	1317	1	1476
	2	2	1475	1	1477
	2	2	1477	1	1477
	2	2	1479	1	1477
	2	2	1481	1	1477
	2	2	1483	1	1477
	2	2	1485	1	1477
	2	2	1487	1	1477
	2	2	1489	1	1477
	-2	8	1491	1	1622
	-3	1	1255	1	1486
	-3	1	1264	1	1487
	-3	1	1273	1	1488
	-3	1	1282	1	1489
	-3	1	1291	1	1490
	-3	1	1300	1	1491
	-3	1	1309	1	1492
	-3	1	1318	1	1493
	2	2	1499	1	1494
	2	2	1501	1	1494
	2	2	1503	1	1494
	2	2	1505	1	1494
	2	2	1507	1	1494
	2	2	1509	1	1494
	2	2	1511	1	1494
	2	2	1513	1	1494
	-2	8	1515	1	1668
	-3	1	1256	1	1503
	-3	1	1265	1	1504
	-3	1	1274	1	1505
	-3	1	1283	1	1506
	-3	1	1292	1	1507
	-3	1	1301	1	1508
	-3	1	1310	1	1509
	-3	1	1319	1	1510
	2	2	1523	1	1511
	2	2	1525	1	1511
	2	2	1527	1	1511
	2	2	1529	1	1511
	2	2	1531	1	1511
	2	2	1533	1	1511
	2	2	1535	1	1511
	2	2	1537	1	1511
	-2	8	1539	1	1672
	-3	1	1257	1	1520
	-3	1	1266	1	1521
	-3	1	1275	1	1522
	-3	1	1284	1	1523
	-3	1	1293	1	1524
	-3	1	1302	1	1525
	-3	1	1311	1	1526
	-3	1	1320	1	1527
	2	2	1547	1	1528
	2	2	1549	1	1528
	2	2	1551	1	1528
	2	2	1553	1	1528
	2	2	1555	1	1528
	2	2	1557	1	1528
	2	2	1559	1	1528
	2	2	1561	1	1528
	-2	8	1563	1	1676
	-3	1	1258	1	1537
	-3	1	1267	1	1538
	-3	1	1276	1	1539
	-3	1	1285	1	1540
	-3	1	1294	1	1541
	-3	1	1303	1	1542
	-3	1	1312	1	1543
	-3	1	1321	1	1544
	2	2	1571	1	1545
	2	2	1573	1	1545
	2	2	1575	1	1545
	2	2	1577	1	1545
	2	2	1579	1	1545
	2	2	1581	1	1545
	2	2	1583	1	1545
	2	2	1585	1	1545
	-2	8	1587	1	1680
	-3	1	1259	1	1554
	-3	1	1268	1	1555
	-3	1	1277	1	1556
	-3	1	1286	1	1557
	-3	1	1295	1	1558
	-3	1	1304	1	1559
	-3	1	1313	1	1560
	-3	1	1322	1	1561
	2	2	1595	1	1562
	2	2	1597	1	1562
	2	2	1599	1	1562
	2	2	1601	1	1562
	2	2	1603	1	1562
	2	2	1605	1	1562
	2	2	1607	1	1562
	2	2	1609	1	1562
	-2	8	1611	1	1684
	-3	1	1260	1	1571
	-3	1	1269	1	1572
	-3	1	1278	1	1573
	-3	1	1287	1	1574
	-3	1	1296	1	1575
	-3	1	1305	1	1576
	-3	1	1314	1	1577
	-3	1	1323	1	1578
	2	2	1619	1	1579
	2	2	1621	1	1579
	2	2	1623	1	1579
	2	2	1625	1	1579
	2	2	1627	1	1579
	2	2	1629	1	1579
	2	2	1631	1	1579
	2	2	1633	1	1579
	-2	8	1635	1	1688
	-3	1	1261	1	1588
	-3	1	1270	1	1589
	-3	1	1279	1	1590
	-3	1	1288	1	1591
	-3	1	1297	1	1592
	-3	1	1306	1	1593
	-3	1	1315	1	1594
	-3	1	1324	1	1595
	2	2	1643	1	1596
	2	2	1645	1	1596
	2	2	1647	1	1596
	2	2	1649	1	1596
	2	2	1651	1	1596
	2	2	1653	1	1596
	2	2	1655	1	1596
	2	2	1657	1	1596
	-2	8	1659	1	1692
	2	1	864	14	1667
	3	1	1597	1	1666
	3	1	1597	1	1668
	3	1	1597	1	1670
	3	1	1597	1	1672
	3	1	1597	1	1674
	3	1	1597	1	1676
	3	1	1597	1	1678
	3	1	1597	1	1680
	3	1	1597	1	1682
	3	1	1597	1	1684
	3	1	1597	1	1686
	3	1	1597	1	1688
	3	1	1597	1	1690
	3	1	1597	1	1692
	-1	2	1681	2	1683
	3	1	1612	1	1618
	3	1	1612	1	1620
	-1	2	1685	2	1687
	3	1	1615	1	1619
	3	1	1615	1	1620
	-3	1	1613	1	1621
	-3	1	1616	1	1622
	2	2	1689	1	1623
	2	2	1691	1	1624
	2	2	1693	1	1624
	2	2	1695	1	1624
	1	3	1697	1	1697
	-3	1	30	1	1626
	1	2	1700	1	1627
	-1	3	1702	2	1705
	3	1	1627	1	1630
	3	1	1627	1	1639
	2	1	1628	8	1707
	3	1	1630	1	1694
	3	1	1630	1	1696
	3	1	1630	1	1705
	3	1	1630	1	1707
	3	1	1630	1	1716
	3	1	1630	1	1718
	3	1	1630	1	1727
	3	1	1630	1	1729
	2	1	1629	8	1715
	3	1	1639	1	1738
	3	1	1639	1	1740
	3	1	1639	1	1749
	3	1	1639	1	1751
	3	1	1639	1	1760
	3	1	1639	1	1762
	3	1	1639	1	1771
	3	1	1639	1	1773
	-1	3	1723	8	1726
	3	1	1648	1	1739
	3	1	1648	1	1740
	3	1	1648	1	1750
	3	1	1648	1	1751
	3	1	1648	1	1761
	3	1	1648	1	1762
	3	1	1648	1	1772
	3	1	1648	1	1773
	-1	2	1734	8	1736
	3	1	1657	1	1695
	3	1	1657	1	1696
	3	1	1657	1	1706
	3	1	1657	1	1707
	3	1	1657	1	1717
	3	1	1657	1	1718
	3	1	1657	1	1728
	3	1	1657	1	1729
	-3	1	1598	1	1667
	2	2	1744	1	1669
	2	2	1746	1	1669
	1	2	1748	1	1708
	-3	1	1600	1	1671
	2	2	1750	1	1673
	2	2	1752	1	1673
	1	2	1754	1	1719
	-3	1	1602	1	1675
	2	2	1756	1	1677
	2	2	1758	1	1677
	1	2	1760	1	1730
	-3	1	1604	1	1679
	2	2	1762	1	1681
	2	2	1764	1	1681
	1	2	1766	1	1741
	-3	1	1606	1	1683
	2	2	1768	1	1685
	2	2	1770	1	1685
	1	2	1772	1	1752
	-3	1	1608	1	1687
	2	2	1774	1	1689
	2	2	1776	1	1689
	1	2	1778	1	1763
	-3	1	1610	1	1691
	2	2	1780	1	1693
	2	2	1782	1	1693
	1	2	1784	1	1774
	-3	1	1631	1	1697
	-3	1	1658	1	1700
	2	2	1786	1	1703
	2	2	1788	1	1704
	-1	2	1792	1	1699
	-3	1	1698	1	1700
	2	2	1790	1	1704
	-1	2	2792	1	1698
	-1	2	2794	1	1698
	2	2	1794	1	1704
	-2	3	1796	1	2906
	-3	1	1633	1	1708
	-3	1	1660	1	1711
	2	2	1799	1	1714
	2	2	1801	1	1715
	-1	2	1805	1	1710
	-3	1	1709	1	1711
	2	2	1803	1	1715
	-1	2	2810	1	1709
	-1	2	2812	1	1709
	2	2	1807	1	1715
	-2	3	1809	1	2924
	-3	1	1635	1	1719
	-3	1	1662	1	1722
	2	2	1812	1	1725
	2	2	1814	1	1726
	-1	2	1818	1	1721
	-3	1	1720	1	1722
	2	2	1816	1	1726
	-1	2	2828	1	1720
	-1	2	2830	1	1720
	2	2	1820	1	1726
	-2	3	1822	1	2942
	-3	1	1637	1	1730
	-3	1	1664	1	1733
	2	2	1825	1	1736
	2	2	1827	1	1737
	-1	2	1831	1	1732
	-3	1	1731	1	1733
	2	2	1829	1	1737
	-1	2	2846	1	1731
	-1	2	2848	1	1731
	2	2	1833	1	1737
	-2	3	1835	1	2958
	-3	1	1640	1	1741
	-3	1	1649	1	1744
	2	2	1838	1	1747
	2	2	1840	1	1748
	-1	2	1844	1	1743
	-3	1	1742	1	1744
	2	2	1842	1	1748
	-1	2	2856	1	1742
	-1	2	2858	1	1742
	2	2	1846	1	1748
	-2	3	1848	1	2975
	-3	1	1642	1	1752
	-3	1	1651	1	1755
	2	2	1851	1	1758
	2	2	1853	1	1759
	-1	2	1857	1	1754
	-3	1	1753	1	1755
	2	2	1855	1	1759
	-1	2	2866	1	1753
	-1	2	2868	1	1753
	2	2	1859	1	1759
	-2	3	1861	1	2991
	-3	1	1644	1	1763
	-3	1	1653	1	1766
	2	2	1864	1	1769
	2	2	1866	1	1770
	-1	2	1870	1	1765
	-3	1	1764	1	1766
	2	2	1868	1	1770
	-1	2	2876	1	1764
	-1	2	2878	1	1764
	2	2	1872	1	1770
	-2	3	1874	1	3007
	-3	1	1646	1	1774
	-3	1	1655	1	1777
	2	2	1877	1	1780
	2	2	1879	1	1781
	-1	2	1883	1	1776
	-3	1	1775	1	1777
	2	2	1881	1	1781
	-1	2	2894	1	1775
	-1	2	2896	1	1775
	2	2	1885	1	1781
	-2	3	1887	1	3023
	2	1	868	16	1890
	3	1	1782	1	1817
	3	1	1782	1	1819
	3	1	1782	1	1824
	3	1	1782	1	1826
	3	1	1782	1	1831
	3	1	1782	1	1833
	3	1	1782	1	1838
	3	1	1782	1	1840
	3	1	1782	1	1845
	3	1	1782	1	1847
	3	1	1782	1	1852
	3	1	1782	1	1854
	3	1	1782	1	1859
	3	1	1782	1	1861
	3	1	1782	1	1866
	3	1	1782	1	1868
	0	1	49	1	1800
	1	2	1906	16	1908
	3	1	1800	1	1818
	3	1	1800	1	1819
	3	1	1800	1	1825
	3	1	1800	1	1826
	3	1	1800	1	1832
	3	1	1800	1	1833
	3	1	1800	1	1839
	3	1	1800	1	1840
	3	1	1800	1	1846
	3	1	1800	1	1847
	3	1	1800	1	1853
	3	1	1800	1	1854
	3	1	1800	1	1860
	3	1	1800	1	1861
	3	1	1800	1	1867
	3	1	1800	1	1868
	-3	1	1783	1	1820
	-3	1	1801	1	1821
	2	2	1924	1	1822
	2	2	1926	1	1823
	2	2	1928	1	1823
	2	2	1930	1	1823
	1	3	1932	1	1974
	-3	1	1785	1	1827
	-3	1	1803	1	1828
	2	2	1935	1	1829
	2	2	1937	1	1830
	2	2	1939	1	1830
	2	2	1941	1	1830
	1	3	1943	1	2024
	-3	1	1787	1	1834
	-3	1	1805	1	1835
	2	2	1946	1	1836
	2	2	1948	1	1837
	2	2	1950	1	1837
	2	2	1952	1	1837
	1	3	1954	1	2075
	-3	1	1789	1	1841
	-3	1	1807	1	1842
	2	2	1957	1	1843
	2	2	1959	1	1844
	2	2	1961	1	1844
	2	2	1963	1	1844
	1	3	1965	1	2125
	-3	1	1791	1	1848
	-3	1	1809	1	1849
	2	2	1968	1	1850
	2	2	1970	1	1851
	2	2	1972	1	1851
	2	2	1974	1	1851
	1	3	1976	1	2180
	-3	1	1793	1	1855
	-3	1	1811	1	1856
	2	2	1979	1	1857
	2	2	1981	1	1858
	2	2	1983	1	1858
	2	2	1985	1	1858
	1	3	1987	1	2232
	-3	1	1795	1	1862
	-3	1	1813	1	1863
	2	2	1990	1	1864
	2	2	1992	1	1865
	2	2	1994	1	1865
	2	2	1996	1	1865
	1	3	1998	1	2285
	-3	1	1797	1	1869
	-3	1	1815	1	1870
	2	2	2001	1	1871
	2	2	2003	1	1872
	2	2	2005	1	1872
	2	2	2007	1	1872
	1	3	2009	1	2337
	-3	1	816	1	1874
	1	2	2012	16	2014
	3	1	1874	1	1957
	3	1	1874	1	1953
	3	1	1874	1	2007
	3	1	1874	1	2003
	3	1	1874	1	2058
	3	1	1874	1	2054
	3	1	1874	1	2108
	3	1	1874	1	2104
	3	1	1874	1	2163
	3	1	1874	1	2159
	3	1	1874	1	2215
	3	1	1874	1	2211
	3	1	1874	1	2268
	3	1	1874	1	2264
	3	1	1874	1	2320
	3	1	1874	1	2316
	-3	1	874	1	1892
	2	3	2030	2	2033
	3	1	1892	1	1895
	3	1	1892	1	1900
	1	1	1893	4	2035
	3	1	1895	1	2180
	3	1	1895	1	2232
	3	1	1895	1	2285
	3	1	1895	1	2337
	-3	1	1894	8	2039
	3	1	1900	1	2178
	3	1	1900	1	2179
	3	1	1900	1	2230
	3	1	1900	1	2231
	3	1	1900	1	2283
	3	1	1900	1	2284
	3	1	1900	1	2335
	3	1	1900	1	2336
	-3	1	875	1	1910
	2	3	2047	2	2050
	3	1	1910	1	1913
	3	1	1910	1	1918
	1	1	1911	4	2052
	3	1	1913	1	1974
	3	1	1913	1	2024
	3	1	1913	1	2075
	3	1	1913	1	2125
	-3	1	1912	8	2056
	3	1	1918	1	1972
	3	1	1918	1	1973
	3	1	1918	1	2022
	3	1	1918	1	2023
	3	1	1918	1	2073
	3	1	1918	1	2074
	3	1	1918	1	2123
	3	1	1918	1	2124
	-1	2	2064	1	1935
	-1	3	2066	1	1935
	-3	1	32	1	1930
	1	2	2069	4	2071
	3	1	1930	1	1960
	3	1	1930	1	2010
	3	1	1930	1	2061
	3	1	1930	1	2111
	2	2	2075	16	2077
	3	1	1935	1	1952
	3	1	1935	1	1953
	3	1	1935	1	2002
	3	1	1935	1	2003
	3	1	1935	1	2053
	3	1	1935	1	2054
	3	1	1935	1	2103
	3	1	1935	1	2104
	3	1	1935	1	2158
	3	1	1935	1	2159
	3	1	1935	1	2210
	3	1	1935	1	2211
	3	1	1935	1	2263
	3	1	1935	1	2264
	3	1	1935	1	2315
	3	1	1935	1	2316
	-3	1	1936	1	1954
	2	2	2093	1	1960
	2	2	2095	2	2097
	3	1	1954	1	1963
	3	1	1954	1	1967
	-2	2	2099	2	2101
	3	1	1957	1	1963
	3	1	1957	1	1967
	2	3	2103	2	2106
	3	1	1960	1	1963
	3	1	1960	1	1967
	1	3	2108	3	2111
	3	1	1963	1	1984
	3	1	1963	1	1987
	3	1	1963	1	2419
	-2	3	2114	3	2117
	3	1	1967	1	1990
	3	1	1967	1	1991
	3	1	1967	1	1992
	-3	1	893	1	1972
	2	3	2120	1	1975
	2	3	2123	1	1975
	2	2	2126	1	1975
	1	3	2128	2	2131
	3	1	1975	1	1978
	3	1	1975	1	1981
	2	1	1976	2	2133
	3	1	1978	1	1984
	3	1	1978	1	1991
	-3	1	1977	2	2135
	3	1	1981	1	1987
	3	1	1981	1	1990
	2	3	2137	2	2140
	3	1	1984	1	1993
	3	1	1984	1	1994
	2	3	2142	2	2145
	3	1	1987	1	1993
	3	1	1987	1	1994
	2	3	2147	1	1995
	2	3	2150	1	1995
	-3	1	1970	1	1995
	1	2	2153	1	2372
	-2	2	2155	1	1996
	1	3	2157	1	1996
	2	2	2160	5	2162
	3	1	1996	1	2366
	3	1	1996	1	2373
	3	1	1996	1	2374
	3	1	1996	1	2375
	3	1	1996	1	2416
	-3	1	1938	1	2004
	2	2	2167	1	2010
	2	2	2169	2	2171
	3	1	2004	1	2013
	3	1	2004	1	2017
	-2	2	2173	2	2175
	3	1	2007	1	2013
	3	1	2007	1	2017
	2	3	2177	2	2180
	3	1	2010	1	2013
	3	1	2010	1	2017
	1	3	2182	3	2185
	3	1	2013	1	2034
	3	1	2013	1	2037
	3	1	2013	1	2429
	-2	3	2188	3	2191
	3	1	2017	1	2040
	3	1	2017	1	2041
	3	1	2017	1	2042
	-3	1	895	1	2022
	2	3	2194	1	2025
	2	3	2197	1	2025
	2	2	2200	1	2025
	1	3	2202	2	2205
	3	1	2025	1	2028
	3	1	2025	1	2031
	2	1	2026	2	2207
	3	1	2028	1	2034
	3	1	2028	1	2041
	-3	1	2027	2	2209
	3	1	2031	1	2037
	3	1	2031	1	2040
	2	3	2211	2	2214
	3	1	2034	1	2043
	3	1	2034	1	2046
	2	3	2216	2	2219
	3	1	2037	1	2043
	3	1	2037	1	2046
	2	3	2221	1	2047
	2	3	2224	1	2047
	-3	1	2020	1	2047
	1	2	2227	2	2229
	3	1	2043	1	2373
	3	1	2043	1	2583
	-2	2	2231	1	2048
	1	3	2233	1	2048
	2	2	2236	4	2238
	3	1	2048	1	2366
	3	1	2048	1	2374
	3	1	2048	1	2375
	3	1	2048	1	2426
	-3	1	1940	1	2055
	2	2	2242	1	2061
	2	2	2244	2	2246
	3	1	2055	1	2064
	3	1	2055	1	2068
	-2	2	2248	2	2250
	3	1	2058	1	2064
	3	1	2058	1	2068
	2	3	2252	2	2255
	3	1	2061	1	2064
	3	1	2061	1	2068
	1	3	2257	3	2260
	3	1	2064	1	2085
	3	1	2064	1	2088
	3	1	2064	1	2448
	-2	3	2263	3	2266
	3	1	2068	1	2091
	3	1	2068	1	2092
	3	1	2068	1	2093
	-3	1	897	1	2073
	2	3	2269	1	2076
	2	3	2272	1	2076
	2	2	2275	1	2076
	1	3	2277	2	2280
	3	1	2076	1	2079
	3	1	2076	1	2082
	2	1	2077	2	2282
	3	1	2079	1	2085
	3	1	2079	1	2092
	-3	1	2078	2	2284
	3	1	2082	1	2088
	3	1	2082	1	2091
	2	3	2286	2	2289
	3	1	2085	1	2094
	3	1	2085	1	2097
	2	3	2291	2	2294
	3	1	2088	1	2094
	3	1	2088	1	2097
	2	3	2296	1	2098
	2	3	2299	1	2098
	-3	1	2071	1	2098
	1	2	2302	2	2304
	3	1	2094	1	2374
	3	1	2094	1	2584
	-2	2	2306	1	2099
	1	3	2308	1	2099
	2	2	2311	3	2313
	3	1	2099	1	2366
	3	1	2099	1	2375
	3	1	2099	1	2445
	-3	1	1942	1	2105
	2	2	2316	1	2111
	2	2	2318	2	2320
	3	1	2105	1	2114
	3	1	2105	1	2118
	-2	2	2322	2	2324
	3	1	2108	1	2114
	3	1	2108	1	2118
	2	3	2326	2	2329
	3	1	2111	1	2114
	3	1	2111	1	2118
	1	3	2331	3	2334
	3	1	2114	1	2135
	3	1	2114	1	2138
	3	1	2114	1	2467
	-2	3	2337	3	2340
	3	1	2118	1	2141
	3	1	2118	1	2142
	3	1	2118	1	2143
	-3	1	899	1	2123
	2	3	2343	1	2126
	2	3	2346	1	2126
	2	2	2349	1	2126
	1	3	2351	2	2354
	3	1	2126	1	2129
	3	1	2126	1	2132
	2	1	2127	2	2356
	3	1	2129	1	2135
	3	1	2129	1	2142
	-3	1	2128	2	2358
	3	1	2132	1	2138
	3	1	2132	1	2141
	2	3	2360	2	2363
	3	1	2135	1	2144
	3	1	2135	1	2147
	2	3	2365	2	2368
	3	1	2138	1	2144
	3	1	2138	1	2147
	2	3	2370	1	2148
	2	3	2373	1	2148
	-3	1	2121	1	2148
	1	2	2376	2	2378
	3	1	2144	1	2375
	3	1	2144	1	2587
	-2	2	2380	1	2149
	1	3	2382	1	2149
	2	2	2385	2	2387
	3	1	2149	1	2366
	3	1	2149	1	2464
	-3	1	40	1	2153
	1	2	2389	4	2391
	3	1	2153	1	2166
	3	1	2153	1	2218
	3	1	2153	1	2271
	3	1	2153	1	2323
	-3	1	1944	1	2160
	2	2	2395	1	2166
	2	2	2397	2	2399
	3	1	2160	1	2169
	3	1	2160	1	2173
	-2	2	2401	2	2403
	3	1	2163	1	2169
	3	1	2163	1	2173
	2	3	2405	2	2408
	3	1	2166	1	2169
	3	1	2166	1	2173
	1	3	2410	3	2413
	3	1	2169	1	2192
	3	1	2169	1	2195
	3	1	2169	1	2486
	-2	3	2416	3	2419
	3	1	2173	1	2198
	3	1	2173	1	2199
	3	1	2173	1	2200
	-3	1	909	1	2178
	2	3	2422	1	2181
	2	3	2425	1	2181
	2	2	2428	1	2181
	1	3	2430	4	2433
	3	1	2181	1	2186
	3	1	2181	1	2189
	3	1	2181	1	2621
	3	1	2181	1	2613
	2	1	2182	2	2437
	3	1	2186	1	2192
	3	1	2186	1	2199
	-3	1	2183	2	2439
	3	1	2189	1	2195
	3	1	2189	1	2198
	2	3	2441	2	2444
	3	1	2192	1	2201
	3	1	2192	1	2202
	2	3	2446	2	2449
	3	1	2195	1	2201
	3	1	2195	1	2202
	2	3	2451	1	2203
	2	3	2454	1	2203
	-3	1	2176	1	2203
	1	2	2457	1	2410
	-2	2	2459	1	2204
	1	3	2461	1	2204
	2	2	2464	5	2466
	3	1	2204	1	2408
	3	1	2204	1	2411
	3	1	2204	1	2412
	3	1	2204	1	2413
	3	1	2204	1	2483
	-3	1	1946	1	2212
	2	2	2471	1	2218
	2	2	2473	2	2475
	3	1	2212	1	2221
	3	1	2212	1	2225
	-2	2	2477	2	2479
	3	1	2215	1	2221
	3	1	2215	1	2225
	2	3	2481	2	2484
	3	1	2218	1	2221
	3	1	2218	1	2225
	1	3	2486	3	2489
	3	1	2221	1	2244
	3	1	2221	1	2247
	3	1	2221	1	2496
	-2	3	2492	3	2495
	3	1	2225	1	2250
	3	1	2225	1	2251
	3	1	2225	1	2252
	-3	1	902	1	2230
	2	3	2498	1	2233
	2	3	2501	1	2233
	2	2	2504	1	2233
	1	3	2506	4	2509
	3	1	2233	1	2238
	3	1	2233	1	2241
	3	1	2233	1	2621
	3	1	2233	1	2614
	2	1	2234	2	2513
	3	1	2238	1	2244
	3	1	2238	1	2251
	-3	1	2235	2	2515
	3	1	2241	1	2247
	3	1	2241	1	2250
	2	3	2517	2	2520
	3	1	2244	1	2253
	3	1	2244	1	2256
	2	3	2522	2	2525
	3	1	2247	1	2253
	3	1	2247	1	2256
	2	3	2527	1	2257
	2	3	2530	1	2257
	-3	1	2228	1	2257
	1	2	2533	2	2535
	3	1	2253	1	2411
	3	1	2253	1	2593
	-2	2	2537	1	2258
	1	3	2539	1	2258
	2	2	2542	4	2544
	3	1	2258	1	2408
	3	1	2258	1	2412
	3	1	2258	1	2413
	3	1	2258	1	2493
	-3	1	1948	1	2265
	2	2	2548	1	2271
	2	2	2550	2	2552
	3	1	2265	1	2274
	3	1	2265	1	2278
	-2	2	2554	2	2556
	3	1	2268	1	2274
	3	1	2268	1	2278
	2	3	2558	2	2561
	3	1	2271	1	2274
	3	1	2271	1	2278
	1	3	2563	3	2566
	3	1	2274	1	2297
	3	1	2274	1	2300
	3	1	2274	1	2506
	-2	3	2569	3	2572
	3	1	2278	1	2303
	3	1	2278	1	2304
	3	1	2278	1	2305
	-3	1	904	1	2283
	2	3	2575	1	2286
	2	3	2578	1	2286
	2	2	2581	1	2286
	1	3	2583	4	2586
	3	1	2286	1	2291
	3	1	2286	1	2294
	3	1	2286	1	2621
	3	1	2286	1	2615
	2	1	2287	2	2590
	3	1	2291	1	2297
	3	1	2291	1	2304
	-3	1	2288	2	2592
	3	1	2294	1	2300
	3	1	2294	1	2303
	2	3	2594	2	2597
	3	1	2297	1	2306
	3	1	2297	1	2309
	2	3	2599	2	2602
	3	1	2300	1	2306
	3	1	2300	1	2309
	2	3	2604	1	2310
	2	3	2607	1	2310
	-3	1	2281	1	2310
	1	2	2610	2	2612
	3	1	2306	1	2412
	3	1	2306	1	2594
	-2	2	2614	1	2311
	1	3	2616	1	2311
	2	2	2619	3	2621
	3	1	2311	1	2408
	3	1	2311	1	2413
	3	1	2311	1	2503
	-3	1	1950	1	2317
	2	2	2624	1	2323
	2	2	2626	2	2628
	3	1	2317	1	2326
	3	1	2317	1	2330
	-2	2	2630	2	2632
	3	1	2320	1	2326
	3	1	2320	1	2330
	2	3	2634	2	2637
	3	1	2323	1	2326
	3	1	2323	1	2330
	1	3	2639	3	2642
	3	1	2326	1	2349
	3	1	2326	1	2352
	3	1	2326	1	2516
	-2	3	2645	3	2648
	3	1	2330	1	2355
	3	1	2330	1	2356
	3	1	2330	1	2357
	-3	1	906	1	2335
	2	3	2651	1	2338
	2	3	2654	1	2338
	2	2	2657	1	2338
	1	3	2659	4	2662
	3	1	2338	1	2343
	3	1	2338	1	2346
	3	1	2338	1	2621
	3	1	2338	1	2616
	2	1	2339	2	2666
	3	1	2343	1	2349
	3	1	2343	1	2356
	-3	1	2340	2	2668
	3	1	2346	1	2352
	3	1	2346	1	2355
	2	3	2670	2	2673
	3	1	2349	1	2358
	3	1	2349	1	2361
	2	3	2675	2	2678
	3	1	2352	1	2358
	3	1	2352	1	2361
	2	3	2680	1	2362
	2	3	2683	1	2362
	-3	1	2333	1	2362
	1	2	2686	2	2688
	3	1	2358	1	2413
	3	1	2358	1	2597
	-2	2	2690	1	2363
	1	3	2692	1	2363
	2	2	2695	2	2697
	3	1	2363	1	2408
	3	1	2363	1	2513
	2	4	2699	3	2703
	3	1	2366	1	2369
	3	1	2366	1	389
	2	1	2367	2	2706
	3	1	2369	1	2639
	3	1	2369	1	2644
	-3	1	1993	1	2376
	-1	2	2708	1	2376
	-1	3	2710	1	2376
	-1	4	2713	1	2376
	-1	4	2717	2	2721
	3	1	2376	1	390
	3	1	2376	1	2640
	2	3	2723	6	2726
	3	1	2379	1	2386
	3	1	2379	1	2389
	3	1	2379	1	2390
	3	1	2379	1	2394
	3	1	2379	1	2399
	3	1	2379	1	2403
	2	2	2732	2	2734
	3	1	2386	1	2419
	3	1	2386	1	2429
	-1	2	2736	1	2583
	2	3	2738	3	2741
	3	1	2390	1	2448
	3	1	2390	1	2467
	3	1	2390	1	2486
	-1	3	2744	4	2747
	3	1	2394	1	2584
	3	1	2394	1	2587
	3	1	2394	1	2593
	3	1	2394	1	2624
	2	3	2751	3	2754
	3	1	2399	1	2496
	3	1	2399	1	2506
	3	1	2399	1	2516
	-1	3	2757	3	2760
	3	1	2403	1	2594
	3	1	2403	1	2597
	3	1	2403	1	2603
	3	1	2414	1	389
	2	4	2765	2	2769
	3	1	2408	1	2629
	-3	1	2201	1	2414
	-1	2	2771	1	2414
	-1	3	2773	1	2414
	-1	4	2776	1	2414
	-1	4	2780	2	2784
	3	1	2414	1	2603
	2	1	2001	2	2786
	3	1	2416	1	3307
	3	1	2416	1	3317
	2	2	2788	2	2790
	3	1	2419	1	3310
	3	1	2419	1	3319
	3	1	3319	1	1701
	-3	1	3318	1	1701
	3	1	3317	1	1702
	-3	1	3320	1	1702
	2	1	2052	2	2796
	3	1	2426	1	3321
	3	1	2426	1	3325
	2	2	2798	2	2800
	3	1	2429	1	3323
	3	1	2429	1	3327
	3	1	3323	1	2434
	-3	1	3322	1	2434
	-1	2	2802	1	2438
	3	1	3321	1	2437
	-3	1	3324	1	2437
	-1	2	2804	1	2438
	-1	2	2806	2	2808
	3	1	2438	1	3398
	3	1	2438	1	2532
	3	1	3327	1	1712
	-3	1	3326	1	1712
	3	1	3325	1	1713
	-3	1	3328	1	1713
	2	1	2102	2	2814
	3	1	2445	1	3329
	3	1	2445	1	3333
	2	2	2816	2	2818
	3	1	2448	1	3331
	3	1	2448	1	3335
	3	1	3331	1	2453
	-3	1	3330	1	2453
	-1	2	2820	1	2457
	3	1	3329	1	2456
	-3	1	3332	1	2456
	-1	2	2822	1	2457
	-1	2	2824	2	2826
	3	1	2457	1	2537
	3	1	2457	1	2540
	3	1	3335	1	1723
	-3	1	3334	1	1723
	3	1	3333	1	1724
	-3	1	3336	1	1724
	2	1	2151	2	2832
	3	1	2464	1	3337
	3	1	2464	1	3341
	2	2	2834	2	2836
	3	1	2467	1	3339
	3	1	2467	1	3343
	3	1	3339	1	2472
	-3	1	3338	1	2472
	-1	2	2838	1	2476
	3	1	3337	1	2475
	-3	1	3340	1	2475
	-1	2	2840	1	2476
	-1	2	2842	2	2844
	3	1	2476	1	2546
	3	1	2476	1	2550
	3	1	3343	1	1734
	-3	1	3342	1	1734
	3	1	3341	1	1735
	-3	1	3344	1	1735
	2	1	2209	2	2850
	3	1	2483	1	3345
	3	1	2483	1	3355
	2	2	2852	2	2854
	3	1	2486	1	3348
	3	1	2486	1	3357
	3	1	3357	1	1745
	-3	1	3356	1	1745
	3	1	3355	1	1746
	-3	1	3358	1	1746
	2	1	2262	2	2860
	3	1	2493	1	3359
	3	1	2493	1	3363
	2	2	2862	2	2864
	3	1	2496	1	3361
	3	1	2496	1	3365
	3	1	3365	1	1756
	-3	1	3364	1	1756
	3	1	3363	1	1757
	-3	1	3366	1	1757
	2	1	2314	2	2870
	3	1	2503	1	3367
	3	1	2503	1	3371
	2	2	2872	2	2874
	3	1	2506	1	3369
	3	1	2506	1	3373
	3	1	3373	1	1767
	-3	1	3372	1	1767
	3	1	3371	1	1768
	-3	1	3374	1	1768
	2	1	2365	2	2880
	3	1	2513	1	3375
	3	1	2513	1	3379
	2	2	2882	2	2884
	3	1	2516	1	3377
	3	1	2516	1	3381
	3	1	3377	1	2521
	-3	1	3376	1	2521
	-1	2	2886	1	2525
	3	1	3375	1	2524
	-3	1	3378	1	2524
	-1	2	2888	1	2525
	-1	2	2890	2	2892
	3	1	2525	1	2578
	3	1	2525	1	2805
	3	1	3381	1	1778
	-3	1	3380	1	1778
	3	1	3379	1	1779
	-3	1	3382	1	1779
	2	1	2440	4	2898
	3	1	2532	1	2647
	3	1	2532	1	2661
	3	1	2532	1	2662
	3	1	2532	1	2663
	2	1	2458	2	2902
	3	1	2537	1	2662
	3	1	2537	1	2663
	2	1	2459	5	2904
	3	1	2540	1	2647
	3	1	2540	1	2650
	3	1	2540	1	2668
	3	1	2540	1	2669
	3	1	2540	1	3407
	2	1	2477	3	2909
	3	1	2546	1	2651
	3	1	2546	1	2655
	3	1	2546	1	3412
	2	1	2478	4	2912
	3	1	2550	1	2647
	3	1	2550	1	2650
	3	1	2550	1	2663
	3	1	2550	1	2669
	3	1	3361	1	2557
	-3	1	3360	1	2557
	-1	2	2916	1	2561
	3	1	3359	1	2560
	-3	1	3362	1	2560
	-1	2	2918	1	2561
	-1	2	2920	4	2922
	3	1	2561	1	2652
	3	1	2561	1	2671
	3	1	2561	1	2672
	3	1	2561	1	3426
	3	1	3369	1	2568
	-3	1	3368	1	2568
	-1	2	2926	1	2572
	3	1	3367	1	2571
	-3	1	3370	1	2571
	-1	2	2928	1	2572
	-1	2	2930	5	2932
	3	1	2572	1	2652
	3	1	2572	1	2653
	3	1	2572	1	2656
	3	1	2572	1	2672
	3	1	2572	1	3435
	2	1	2526	4	2937
	3	1	2578	1	2652
	3	1	2578	1	2653
	3	1	2578	1	3483
	3	1	2578	1	3483
	2	2	2941	1	2660
	2	2	2943	2	2945
	3	1	2584	1	2661
	3	1	2584	1	2667
	2	2	2947	2	2949
	3	1	2587	1	2590
	3	1	2587	1	3405
	2	1	2588	2	2951
	3	1	2590	1	2662
	3	1	2590	1	2668
	2	2	2953	1	2670
	2	2	2955	2	2957
	3	1	2594	1	2671
	3	1	2594	1	2657
	2	2	2959	2	2961
	3	1	2597	1	2600
	3	1	2597	1	3433
	2	1	2598	2	2963
	3	1	2600	1	2656
	3	1	2600	1	2672
	2	2	2965	2	2967
	3	1	2603	1	2606
	3	1	2603	1	3409
	2	1	2604	6	2969
	3	1	2606	1	2639
	3	1	2606	1	2655
	3	1	2606	1	2663
	3	1	2606	1	2669
	3	1	2606	1	2847
	3	1	2606	1	2850
	-3	1	2185	1	2622
	-3	1	2237	1	2622
	-3	1	2290	1	2622
	-3	1	2342	1	2622
	2	1	189	2	2975
	3	1	2617	1	2620
	3	1	2617	1	2622
	-3	1	2618	1	2621
	2	5	2977	1	2623
	2	5	2982	1	2623
	1	2	2987	1	2628
	2	1	2398	2	2989
	3	1	2624	1	2627
	3	1	2624	1	2629
	-3	1	2625	1	2628
	2	2	2991	1	2630
	2	2	2993	1	2630
	1	2	2995	3	2997
	3	1	2630	1	2634
	3	1	2630	1	3459
	3	1	2630	1	2848
	2	1	2631	4	3000
	3	1	2634	1	2644
	3	1	2634	1	2647
	3	1	2634	1	2650
	3	1	2634	1	2651
	2	2	3004	1	2640
	1	2	3006	3	3008
	3	1	2640	1	3389
	3	1	2640	1	2834
	3	1	2640	1	2839
	2	2	3011	2	3013
	3	1	2644	1	3383
	3	1	2644	1	2838
	2	4	3015	2	3019
	3	1	2647	1	3385
	3	1	2647	1	2689
	2	3	3021	1	3447
	2	2	3024	1	2728
	2	3	3026	1	2766
	2	2	3029	2	3031
	3	1	2653	1	3471
	2	2	3033	1	3405
	2	2	3035	1	2657
	1	2	3037	3	3039
	3	1	2657	1	3423
	3	1	2657	1	2859
	-3	1	2583	1	2664
	-1	2	3042	1	2664
	-1	3	3044	1	2664
	-1	4	3047	1	2664
	-1	4	3051	2	3055
	3	1	2664	1	3387
	3	1	2664	1	3391
	-3	1	2586	1	3395
	-1	2	3057	1	3395
	-1	3	3059	1	3395
	-3	1	2593	1	3419
	-1	2	3062	1	3419
	-1	3	3064	1	3419
	3	1	3385	1	2675
	-3	1	3384	1	2675
	-1	2	3067	1	2679
	3	1	3383	1	2678
	-3	1	3386	1	2678
	-1	2	3069	1	2679
	-1	2	3071	1	3305
	3	1	3393	1	2682
	-3	1	3392	1	2682
	-1	2	3073	1	2686
	3	1	3391	1	2685
	-3	1	3394	1	2685
	-1	2	3075	1	2686
	-1	2	3077	2	3079
	3	1	2686	1	3437
	3	1	2686	1	3441
	2	2	3081	2	3083
	3	1	2689	1	3439
	3	1	2689	1	3443
	3	1	3439	1	2694
	-3	1	3438	1	2694
	-1	2	3085	1	2698
	3	1	3437	1	2697
	-3	1	3440	1	2697
	-1	2	3087	1	2698
	-1	2	3089	2	3091
	3	1	2698	1	2862
	3	1	2698	1	2900
	3	1	3443	1	2703
	-3	1	3442	1	2703
	-1	2	3093	1	2707
	3	1	3441	1	2706
	-3	1	3444	1	2706
	-1	2	3095	1	2707
	-1	2	3097	1	2708
	-3	1	2707	1	2861
	3	1	3447	1	2711
	-3	1	3446	1	2711
	-1	2	3099	1	2715
	3	1	3445	1	2714
	-3	1	3448	1	2714
	-1	2	3101	1	2715
	-1	2	3103	3	3105
	3	1	2715	1	2862
	3	1	2715	1	3485
	3	1	2715	1	2918
	3	1	3407	1	2721
	-3	1	3406	1	2721
	-1	2	3108	1	2725
	3	1	3405	1	2724
	-3	1	3408	1	2724
	-1	2	3110	1	2725
	-1	2	3112	2	3114
	3	1	2725	1	3449
	3	1	2725	1	3453
	2	2	3116	2	3118
	3	1	2728	1	3451
	3	1	2728	1	3455
	3	1	3451	1	2733
	-3	1	3450	1	2733
	-1	2	3120	1	2737
	3	1	3449	1	2736
	-3	1	3452	1	2736
	-1	2	3122	1	2737
	-1	2	3124	3	3126
	3	1	2737	1	2862
	3	1	2737	1	3487
	3	1	2737	1	2936
	3	1	3455	1	2743
	-3	1	3454	1	2743
	-1	2	3129	1	2747
	3	1	3453	1	2746
	-3	1	3456	1	2746
	-1	2	3131	1	2747
	-1	2	3133	1	3489
	3	1	3459	1	2750
	-3	1	3458	1	2750
	-1	2	3135	1	2754
	3	1	3457	1	2753
	-3	1	3460	1	2753
	-1	2	3137	1	2754
	-1	2	3139	2	3141
	3	1	2754	1	2952
	3	1	2754	1	2955
	3	1	3421	1	2759
	-3	1	3420	1	2759
	-1	2	3143	1	2763
	3	1	3419	1	2762
	-3	1	3422	1	2762
	-1	2	3145	1	2763
	-1	2	3147	2	3149
	3	1	2763	1	3461
	3	1	2763	1	3465
	2	2	3151	2	3153
	3	1	2766	1	3463
	3	1	2766	1	3467
	3	1	3463	1	2771
	-3	1	3462	1	2771
	-1	2	3155	1	2775
	3	1	3461	1	2774
	-3	1	3464	1	2774
	-1	2	3157	1	2775
	-1	2	3159	2	3161
	3	1	2775	1	2865
	3	1	2775	1	2969
	3	1	3467	1	2780
	-3	1	3466	1	2780
	-1	2	3163	1	2784
	3	1	3465	1	2783
	-3	1	3468	1	2783
	-1	2	3165	1	2784
	-1	2	3167	1	2785
	-3	1	2784	1	2864
	3	1	3471	1	2788
	-3	1	3470	1	2788
	-1	2	3169	1	2792
	3	1	3469	1	2791
	-3	1	3472	1	2791
	-1	2	3171	1	2792
	-1	2	3173	3	3175
	3	1	2792	1	2865
	3	1	2792	1	3493
	3	1	2792	1	2985
	3	1	3435	1	2798
	-3	1	3434	1	2798
	-1	2	3178	1	2802
	3	1	3433	1	2801
	-3	1	3436	1	2801
	-1	2	3180	1	2802
	-1	2	3182	2	3184
	3	1	2802	1	3473
	3	1	2802	1	3477
	2	2	3186	2	3188
	3	1	2805	1	3475
	3	1	2805	1	3479
	3	1	3475	1	2810
	-3	1	3474	1	2810
	-1	2	3190	1	2814
	3	1	3473	1	2813
	-3	1	3476	1	2813
	-1	2	3192	1	2814
	-1	2	3194	3	3196
	3	1	2814	1	2865
	3	1	2814	1	3495
	3	1	2814	1	3001
	3	1	3479	1	2820
	-3	1	3478	1	2820
	-1	2	3199	1	2824
	3	1	3477	1	2823
	-3	1	3480	1	2823
	-1	2	3201	1	2824
	-1	2	3203	1	3497
	3	1	3483	1	2827
	-3	1	3482	1	2827
	-1	2	3205	1	2831
	3	1	3481	1	2830
	-3	1	3484	1	2830
	-1	2	3207	1	2831
	-1	2	3209	2	3211
	3	1	2831	1	3017
	3	1	2831	1	3020
	2	1	2642	2	3213
	3	1	2834	1	2837
	3	1	2834	1	2839
	-3	1	2835	1	2838
	2	3	3215	1	2840
	2	2	3218	1	2840
	-2	2	3220	2	3222
	3	1	2840	1	2843
	3	1	2840	1	3487
	2	1	2841	3	3224
	3	1	2843	1	2861
	3	1	2843	1	2862
	3	1	2843	1	3491
	-3	1	2611	1	2848
	2	3	3227	2	3230
	3	1	2848	1	2852
	2	1	2612	2	3232
	3	1	2850	1	2852
	-2	2	3234	2	3236
	3	1	2852	1	2855
	3	1	2852	1	3495
	2	1	2853	3	3238
	3	1	2855	1	2864
	3	1	2855	1	2865
	3	1	2855	1	3499
	2	1	2659	2	3241
	3	1	2859	1	427
	-2	2	3243	1	2863
	2	4	3245	1	2863
	1	2	3249	1	2903
	-2	2	3251	1	2866
	2	4	3253	1	2866
	1	2	3257	1	2972
	3	1	3487	1	2869
	-3	1	3486	1	2869
	-1	2	3259	1	2873
	3	1	3485	1	2872
	-3	1	3488	1	2872
	-1	2	3261	1	2873
	-1	2	3263	1	2921
	-1	2	3267	1	2876
	-1	2	3269	1	2876
	-1	2	3265	1	2877
	-3	1	2876	1	2939
	3	1	3491	1	2874
	-3	1	3490	1	2874
	3	1	3489	1	2875
	-3	1	3492	1	2875
	3	1	3495	1	2884
	-3	1	3494	1	2884
	-1	2	3271	1	2888
	3	1	3493	1	2887
	-3	1	3496	1	2887
	-1	2	3273	1	2888
	-1	2	3275	1	2988
	-1	2	3279	1	2891
	-1	2	3281	1	2891
	-1	2	3277	1	2892
	-3	1	2891	1	3004
	3	1	3499	1	2889
	-3	1	3498	1	2889
	3	1	3497	1	2890
	-3	1	3500	1	2890
	-3	1	1045	1	2900
	-3	1	956	1	2903
	2	2	3283	1	2906
	2	2	3285	2	3287
	3	1	2900	1	2909
	3	1	2900	1	2912
	2	2	3289	2	3291
	3	1	2903	1	2909
	3	1	2903	1	2912
	2	2	3293	2	3295
	3	1	2906	1	2909
	3	1	2906	1	2912
	1	3	3297	4	3300
	3	1	2909	1	3528
	3	1	2909	1	3119
	-2	3	3304	2	3307
	3	1	2912	1	3173
	3	1	2912	1	3175
	-3	1	1047	1	2918
	-3	1	958	1	2921
	2	2	3309	1	2924
	2	2	3311	2	3313
	3	1	2918	1	2927
	3	1	2918	1	2930
	2	2	3315	2	3317
	3	1	2921	1	2927
	3	1	2921	1	2930
	2	2	3319	2	3321
	3	1	2924	1	2927
	3	1	2924	1	2930
	1	3	3323	4	3326
	3	1	2927	1	3525
	3	1	2927	1	3122
	-2	3	3330	2	3333
	3	1	2930	1	3173
	3	1	2930	1	3175
	-3	1	1049	1	2936
	-3	1	960	1	2939
	2	2	3335	1	2942
	2	2	3337	2	3339
	3	1	2936	1	2945
	3	1	2936	1	2947
	2	2	3341	2	3343
	3	1	2939	1	2945
	3	1	2939	1	2947
	2	2	3345	2	3347
	3	1	2942	1	2945
	3	1	2942	1	2947
	1	3	3349	2	3352
	3	1	2945	1	3064
	-2	3	3354	2	3357
	3	1	2947	1	3173
	-3	1	1051	1	2952
	-3	1	962	1	2955
	2	2	3359	1	2958
	2	2	3361	2	3363
	3	1	2952	1	2961
	3	1	2952	1	2964
	2	2	3365	2	3367
	3	1	2955	1	2961
	3	1	2955	1	2964
	2	2	3369	2	3371
	3	1	2958	1	2961
	3	1	2958	1	2964
	1	3	3373	3	3376
	3	1	2961	1	3517
	3	1	2961	1	3521
	-2	3	3379	2	3382
	3	1	2964	1	3173
	-3	1	1053	1	2969
	-3	1	964	1	2972
	2	2	3384	1	2975
	2	2	3386	2	3388
	3	1	2969	1	2978
	3	1	2969	1	2980
	2	2	3390	2	3392
	3	1	2972	1	2978
	3	1	2972	1	2980
	2	2	3394	2	3396
	3	1	2975	1	2978
	3	1	2975	1	2980
	1	3	3398	2	3401
	3	1	2978	1	3507
	-2	3	3403	2	3406
	3	1	2980	1	3171
	-3	1	1055	1	2985
	-3	1	966	1	2988
	2	2	3408	1	2991
	2	2	3410	2	3412
	3	1	2985	1	2994
	3	1	2985	1	2996
	2	2	3414	2	3416
	3	1	2988	1	2994
	3	1	2988	1	2996
	2	2	3418	2	3420
	3	1	2991	1	2994
	3	1	2991	1	2996
	1	3	3422	2	3425
	3	1	2994	1	3505
	-2	3	3427	2	3430
	3	1	2996	1	3171
	-3	1	1057	1	3001
	-3	1	968	1	3004
	2	2	3432	1	3007
	2	2	3434	2	3436
	3	1	3001	1	3010
	3	1	3001	1	3012
	2	2	3438	2	3440
	3	1	3004	1	3010
	3	1	3004	1	3012
	2	2	3442	2	3444
	3	1	3007	1	3010
	3	1	3007	1	3012
	1	3	3446	2	3449
	3	1	3010	1	3503
	-2	3	3451	2	3454
	3	1	3012	1	3171
	-3	1	1059	1	3017
	-3	1	970	1	3020
	2	2	3456	1	3023
	2	2	3458	2	3460
	3	1	3017	1	3026
	3	1	3017	1	3028
	2	2	3462	2	3464
	3	1	3020	1	3026
	3	1	3020	1	3028
	2	2	3466	2	3468
	3	1	3023	1	3026
	3	1	3023	1	3028
	1	3	3470	2	3473
	3	1	3026	1	3501
	-2	3	3475	2	3478
	3	1	3028	1	3171
	3	1	3503	1	3032
	-3	1	3502	1	3032
	-1	2	3480	1	3036
	3	1	3501	1	3035
	-3	1	3504	1	3035
	-1	2	3482	1	3036
	-1	2	3484	2	3486
	3	1	3036	1	3509
	3	1	3036	1	3513
	3	1	3507	1	3041
	-3	1	3506	1	3041
	-1	2	3488	1	3045
	3	1	3505	1	3044
	-3	1	3508	1	3044
	-1	2	3490	1	3045
	-1	2	3492	2	3494
	3	1	3045	1	3511
	3	1	3045	1	3515
	3	1	3511	1	3050
	-3	1	3510	1	3050
	-1	2	3496	1	3054
	3	1	3509	1	3053
	-3	1	3512	1	3053
	-1	2	3498	1	3054
	-1	2	3500	2	3502
	3	1	3054	1	3539
	3	1	3054	1	3543
	3	1	3515	1	3059
	-3	1	3514	1	3059
	-1	2	3504	1	3063
	3	1	3513	1	3062
	-3	1	3516	1	3062
	-1	2	3506	1	3063
	-1	2	3508	1	3160
	2	1	2946	2	3510
	3	1	3064	1	3519
	3	1	3064	1	3523
	3	1	3519	1	3069
	-3	1	3518	1	3069
	-1	2	3512	1	3073
	3	1	3517	1	3072
	-3	1	3520	1	3072
	-1	2	3514	1	3073
	-1	2	3516	3	3518
	3	1	3073	1	3535
	3	1	3073	1	3153
	3	1	3073	1	3154
	-1	2	3525	1	3079
	-1	2	3527	1	3079
	-1	2	3521	1	3080
	-3	1	3079	2	3523
	3	1	3080	1	3155
	3	1	3080	1	3156
	3	1	3523	1	3077
	-3	1	3522	1	3077
	3	1	3521	1	3078
	-3	1	3524	1	3078
	3	1	3537	1	3089
	-3	1	3536	1	3089
	-1	2	3529	1	3093
	3	1	3535	1	3092
	-3	1	3538	1	3092
	-1	2	3531	1	3093
	-1	2	3533	2	3535
	3	1	3093	1	3541
	3	1	3093	1	3545
	3	1	3545	1	436
	-3	1	3544	1	436
	3	1	3543	1	437
	-3	1	3546	1	437
	3	1	3541	1	433
	-3	1	3540	1	433
	3	1	3539	1	434
	-3	1	3542	1	434
	-3	1	220	2	3545
	3	1	3104	1	3110
	3	1	3104	1	3113
	2	1	348	2	3547
	3	1	3107	1	3110
	3	1	3107	1	3113
	1	2	3549	2	3551
	3	1	3110	1	3119
	3	1	3110	1	3122
	-2	2	3553	2	3555
	3	1	3113	1	3116
	3	1	3113	1	3175
	2	1	3114	2	3557
	3	1	3116	1	3147
	3	1	3116	1	3150
	2	2	3559	2	3561
	3	1	3119	1	3547
	3	1	3119	1	3551
	2	2	3563	2	3565
	3	1	3122	1	3549
	3	1	3122	1	3553
	3	1	3549	1	3127
	-3	1	3548	1	3127
	-1	2	3567	1	3131
	3	1	3547	1	3130
	-3	1	3550	1	3130
	-1	2	3569	1	3131
	-1	2	3571	2	3573
	3	1	3131	1	3153
	3	1	3131	1	3155
	-1	2	3579	1	3136
	-1	2	3581	1	3136
	-1	2	3575	1	3137
	-3	1	3136	2	3577
	3	1	3137	1	3154
	3	1	3137	1	3156
	3	1	3553	1	3134
	-3	1	3552	1	3134
	3	1	3551	1	3135
	-3	1	3554	1	3135
	0	1	50	2	3583
	3	1	3144	1	3147
	3	1	3144	1	3150
	2	2	3585	2	3587
	3	1	3147	1	3153
	3	1	3147	1	3156
	-1	2	3589	2	3591
	3	1	3150	1	3154
	3	1	3150	1	3155
	2	3	3593	1	3157
	2	3	3596	1	3157
	2	3	3599	1	3157
	2	3	3602	1	3157
	1	4	3605	2	3609
	3	1	3157	1	3555
	3	1	3157	1	3559
	-3	1	3063	2	3611
	3	1	3160	1	3557
	3	1	3160	1	3561
	3	1	3561	1	443
	-3	1	3560	1	443
	3	1	3559	1	444
	-3	1	3562	1	444
	3	1	3557	1	440
	-3	1	3556	1	440
	3	1	3555	1	441
	-3	1	3558	1	441
	2	4	3621	2	3625
	3	1	3171	1	3176
	2	4	3627	2	3631
	3	1	3173	1	3176
	2	3	3633	1	451
	2	2	3636	1	451
	2	1	228	2	3640
	3	1	3177	1	599
	2	1	234	2	3642
	3	1	3179	1	602
	2	1	240	2	3644
	3	1	3181	1	608
	2	1	246	2	3646
	3	1	3183	1	611
	2	1	252	2	3648
	3	1	3185	1	3191
	3	1	3185	1	3194
	2	1	259	2	3650
	3	1	3188	1	3193
	3	1	3188	1	3192
	-3	1	3186	1	3193
	-3	1	3190	1	3194
	-1	2	3652	1	3213
	-1	2	3654	1	3213
	2	1	266	2	3656
	3	1	3195	1	3201
	3	1	3195	1	3204
	2	1	272	2	3658
	3	1	3198	1	3203
	3	1	3198	1	3202
	-3	1	3196	1	3203
	-3	1	3200	1	3204
	-1	2	3660	1	3215
	-1	2	3662	1	3215
	2	1	605	2	3664
	3	1	3205	1	617
	2	1	614	2	3666
	3	1	3207	1	620
	2	1	606	2	3668
	3	1	3209	1	625
	2	1	615	2	3670
	3	1	3211	1	628
	-1	2	3672	2	3674
	3	1	3213	1	634
	-1	2	3676	2	3678
	3	1	3215	1	637
	2	1	631	2	3680
	3	1	3217	1	697
	2	1	643	2	3682
	3	1	3219	1	699
	2	1	632	2	3684
	3	1	3221	1	646
	2	1	644	2	3686
	3	1	3223	1	648
	2	1	53	2	3688
	3	1	3225	1	3231
	3	1	3225	1	3234
	2	1	501	2	3690
	3	1	3228	1	3233
	3	1	3228	1	3232
	-3	1	3226	1	3233
	-3	1	3230	1	3234
	-1	2	3692	1	3265
	-1	2	3694	1	3265
	2	1	508	2	3696
	3	1	3235	1	3241
	3	1	3235	1	3244
	2	1	524	2	3698
	3	1	3238	1	3243
	3	1	3238	1	3242
	-3	1	3236	1	3243
	-3	1	3240	1	3244
	-1	2	3700	1	3267
	-1	2	3702	1	3267
	2	1	545	2	3704
	3	1	3245	1	3251
	3	1	3245	1	3254
	2	1	557	2	3706
	3	1	3248	1	3253
	3	1	3248	1	3252
	-3	1	3246	1	3253
	-3	1	3250	1	3254
	-1	2	3708	1	3269
	-1	2	3710	1	3269
	2	1	570	2	3712
	3	1	3255	1	3261
	3	1	3255	1	3264
	2	1	584	2	3714
	3	1	3258	1	3263
	3	1	3258	1	3262
	-3	1	3256	1	3263
	-3	1	3260	1	3264
	-1	2	3716	1	3271
	-1	2	3718	1	3271
	-1	2	3720	2	3722
	3	1	3265	1	653
	-1	2	3724	2	3726
	3	1	3267	1	656
	-1	2	3728	2	3730
	3	1	3269	1	663
	-1	2	3732	2	3734
	3	1	3271	1	666
	2	1	659	2	3736
	3	1	3273	1	681
	2	1	672	2	3738
	3	1	3275	1	684
	2	1	660	2	3740
	3	1	3277	1	675
	2	1	673	2	3742
	3	1	3279	1	678
	2	1	64	2	3744
	3	1	3281	1	722
	2	1	984	2	3746
	3	1	3283	1	724
	2	1	65	2	3748
	3	1	3285	1	991
	2	1	985	2	3750
	3	1	3287	1	993
	2	1	102	2	3752
	3	1	3289	1	728
	2	1	997	2	3754
	3	1	3291	1	731
	2	1	103	2	3756
	3	1	3293	1	1004
	2	1	998	2	3758
	3	1	3295	1	1006
	3	1	3389	1	3299
	-3	1	3388	1	3299
	-1	2	3760	1	3303
	3	1	3387	1	3302
	-3	1	3390	1	3302
	-1	2	3762	1	3303
	-1	2	3764	2	3766
	3	1	3303	1	1041
	2	2	3768	2	3770
	3	1	3305	1	1043
	2	1	2417	2	3772
	3	1	3307	1	3313
	3	1	3307	1	3316
	2	1	2420	2	3774
	3	1	3310	1	3315
	3	1	3310	1	3314
	-3	1	3308	1	3315
	-3	1	3312	1	3316
	-1	2	3776	1	3393
	-1	2	3778	1	3393
	2	1	2418	2	3780
	3	1	3317	1	2423
	2	1	2421	2	3782
	3	1	3319	1	2425
	2	1	2427	2	3784
	3	1	3321	1	2433
	2	1	2430	2	3786
	3	1	3323	1	2436
	2	1	2428	2	3788
	3	1	3325	1	2442
	2	1	2431	2	3790
	3	1	3327	1	2444
	2	1	2446	2	3792
	3	1	3329	1	2452
	2	1	2449	2	3794
	3	1	3331	1	2455
	2	1	2447	2	3796
	3	1	3333	1	2461
	2	1	2450	2	3798
	3	1	3335	1	2463
	2	1	2465	2	3800
	3	1	3337	1	2471
	2	1	2468	2	3802
	3	1	3339	1	2474
	2	1	2466	2	3804
	3	1	3341	1	2480
	2	1	2469	2	3806
	3	1	3343	1	2482
	2	1	2484	2	3808
	3	1	3345	1	3351
	3	1	3345	1	3354
	2	1	2487	2	3810
	3	1	3348	1	3353
	3	1	3348	1	3352
	-3	1	3346	1	3353
	-3	1	3350	1	3354
	-1	2	3812	1	3421
	-1	2	3814	1	3421
	2	1	2485	2	3816
	3	1	3355	1	2490
	2	1	2488	2	3818
	3	1	3357	1	2492
	2	1	2494	2	3820
	3	1	3359	1	2556
	2	1	2497	2	3822
	3	1	3361	1	2559
	2	1	2495	2	3824
	3	1	3363	1	2500
	2	1	2498	2	3826
	3	1	3365	1	2502
	2	1	2504	2	3828
	3	1	3367	1	2567
	2	1	2507	2	3830
	3	1	3369	1	2570
	2	1	2505	2	3832
	3	1	3371	1	2510
	2	1	2508	2	3834
	3	1	3373	1	2512
	2	1	2514	2	3836
	3	1	3375	1	2520
	2	1	2517	2	3838
	3	1	3377	1	2523
	2	1	2515	2	3840
	3	1	3379	1	2529
	2	1	2518	2	3842
	3	1	3381	1	2531
	2	1	2645	2	3844
	3	1	3383	1	2674
	2	1	2648	2	3846
	3	1	3385	1	2677
	2	1	2665	2	3848
	3	1	3387	1	3298
	2	1	2641	2	3850
	3	1	3389	1	3301
	2	1	2666	2	3852
	3	1	3391	1	2681
	-1	2	3854	2	3856
	3	1	3393	1	2684
	-1	3	3858	2	3861
	3	1	3395	1	3401
	3	1	3395	1	3404
	2	1	2439	2	3863
	3	1	3398	1	3403
	3	1	3398	1	3402
	-3	1	3396	1	3403
	-3	1	3400	1	3404
	-1	2	3865	1	3445
	-1	2	3867	1	3445
	1	2	3869	2	3871
	3	1	3405	1	2720
	2	1	2545	2	3873
	3	1	3407	1	2723
	2	1	2605	2	3875
	3	1	3409	1	3415
	3	1	3409	1	3418
	2	1	2549	2	3877
	3	1	3412	1	3417
	3	1	3412	1	3416
	-3	1	3410	1	3417
	-3	1	3414	1	3418
	-1	2	3879	1	3457
	-1	2	3881	1	3457
	-1	3	3883	2	3886
	3	1	3419	1	2758
	-1	2	3888	2	3890
	3	1	3421	1	2761
	2	1	2658	2	3892
	3	1	3423	1	3429
	3	1	3423	1	3432
	2	1	2565	2	3894
	3	1	3426	1	3431
	3	1	3426	1	3430
	-3	1	3424	1	3431
	-3	1	3428	1	3432
	-1	2	3896	1	3469
	-1	2	3898	1	3469
	2	1	2599	2	3900
	3	1	3433	1	2797
	2	1	2577	2	3902
	3	1	3435	1	2800
	2	1	2687	2	3904
	3	1	3437	1	2693
	2	1	2690	2	3906
	3	1	3439	1	2696
	2	1	2688	2	3908
	3	1	3441	1	2702
	2	1	2691	2	3910
	3	1	3443	1	2705
	-1	2	3912	2	3914
	3	1	3445	1	2710
	2	2	3916	2	3918
	3	1	3447	1	2713
	2	1	2726	2	3920
	3	1	3449	1	2732
	2	1	2729	2	3922
	3	1	3451	1	2735
	2	1	2727	2	3924
	3	1	3453	1	2742
	2	1	2730	2	3926
	3	1	3455	1	2745
	-1	2	3928	2	3930
	3	1	3457	1	2749
	2	2	3932	2	3934
	3	1	3459	1	2752
	2	1	2764	2	3936
	3	1	3461	1	2770
	2	1	2767	2	3938
	3	1	3463	1	2773
	2	1	2765	2	3940
	3	1	3465	1	2779
	2	1	2768	2	3942
	3	1	3467	1	2782
	-1	2	3944	2	3946
	3	1	3469	1	2787
	2	2	3948	2	3950
	3	1	3471	1	2790
	2	1	2803	2	3952
	3	1	3473	1	2809
	2	1	2806	2	3954
	3	1	3475	1	2812
	2	1	2804	2	3956
	3	1	3477	1	2819
	2	1	2807	2	3958
	3	1	3479	1	2822
	2	1	339	2	3960
	3	1	3481	1	2826
	2	2	3962	2	3964
	3	1	3483	1	2829
	2	1	2717	2	3966
	3	1	3485	1	2868
	2	2	3968	2	3970
	3	1	3487	1	2871
	-3	1	2747	2	3972
	3	1	3489	1	2879
	2	1	2846	2	3974
	3	1	3491	1	2881
	2	1	2794	2	3976
	3	1	3493	1	2883
	2	2	3978	2	3980
	3	1	3495	1	2886
	-3	1	2824	2	3982
	3	1	3497	1	2894
	2	1	2858	2	3984
	3	1	3499	1	2896
	2	1	3027	2	3986
	3	1	3501	1	3031
	2	1	3011	2	3988
	3	1	3503	1	3034
	2	1	2995	2	3990
	3	1	3505	1	3040
	2	1	2979	2	3992
	3	1	3507	1	3043
	2	1	3037	2	3994
	3	1	3509	1	3049
	2	1	3046	2	3996
	3	1	3511	1	3052
	2	1	3038	2	3998
	3	1	3513	1	3058
	2	1	3047	2	4000
	3	1	3515	1	3061
	2	1	2962	2	4002
	3	1	3517	1	3068
	2	1	3065	2	4004
	3	1	3519	1	3071
	2	1	2963	2	4006
	3	1	3521	1	3084
	2	1	3066	2	4008
	3	1	3523	1	3086
	2	1	2928	2	4010
	3	1	3525	1	3531
	3	1	3525	1	3534
	2	1	2910	2	4012
	3	1	3528	1	3533
	3	1	3528	1	3532
	-3	1	3526	1	3533
	-3	1	3530	1	3534
	-1	2	4014	1	3537
	-1	2	4016	1	3537
	2	1	3074	2	4018
	3	1	3535	1	3088
	-1	2	4020	2	4022
	3	1	3537	1	3091
	2	1	3055	2	4024
	3	1	3539	1	3101
	2	1	3094	2	4026
	3	1	3541	1	3103
	2	1	3056	2	4028
	3	1	3543	1	3097
	2	1	3095	2	4030
	3	1	3545	1	3099
	2	1	3120	2	4032
	3	1	3547	1	3126
	2	1	3123	2	4034
	3	1	3549	1	3129
	2	1	3121	2	4036
	3	1	3551	1	3141
	2	1	3124	2	4038
	3	1	3553	1	3143
	2	1	3158	2	4040
	3	1	3555	1	3168
	2	1	3161	2	4042
	3	1	3557	1	3170
	2	1	3159	2	4044
	3	1	3559	1	3164
	2	1	3162	2	4046
	3	1	3561	1	3166

4047
	2
	3
	4
	5
	6
	7
	8
	9
	10
	11
	12
	14
	15
	16
	17
	18
	19
	21
	22
	23
	24
	25
	26
	27
	28
	29
	30
	31
	32
	34
	35
	36
	37
	38
	39
	40
	42
	43
	44
	46
	47
	48
	49
	51
	52
	53
	54
	55
	56
	57
	59
	60
	61
	62
	63
	64
	65
	66
	67
	69
	70
	71
	72
	73
	74
	75
	76
	78
	79
	80
	81
	82
	83
	84
	85
	86
	88
	89
	90
	91
	92
	93
	94
	95
	96
	98
	99
	100
	101
	102
	103
	104
	105
	106
	108
	109
	110
	111
	112
	113
	114
	115
	117
	118
	119
	120
	121
	122
	123
	126
	127
	129
	130
	131
	133
	134
	135
	136
	138
	139
	140
	141
	142
	144
	145
	146
	147
	148
	149
	151
	152
	153
	154
	155
	156
	157
	158
	160
	161
	162
	163
	164
	165
	166
	167
	168
	170
	171
	172
	173
	174
	175
	176
	177
	178
	180
	181
	182
	183
	184
	185
	186
	187
	188
	189
	191
	192
	193
	194
	195
	196
	197
	198
	199
	201
	202
	203
	204
	205
	206
	207
	208
	209
	210
	211
	212
	214
	215
	216
	217
	218
	219
	220
	221
	224
	225
	227
	228
	229
	230
	231
	233
	234
	235
	236
	237
	239
	240
	241
	242
	243
	245
	246
	247
	248
	249
	251
	252
	253
	254
	255
	256
	258
	259
	260
	261
	262
	263
	265
	266
	267
	268
	269
	271
	272
	273
	275
	276
	277
	278
	279
	280
	281
	282
	284
	285
	286
	287
	288
	289
	290
	291
	292
	293
	295
	296
	297
	298
	299
	300
	301
	302
	304
	305
	306
	307
	308
	309
	310
	312
	313
	314
	315
	316
	318
	319
	320
	321
	323
	324
	325
	327
	328
	331
	332
	333
	334
	335
	336
	337
	338
	339
	340
	341
	342
	344
	345
	346
	347
	348
	350
	352
	354
	355
	90
	358
	361
	362
	364
	365
	363
	366
	368
	369
	370
	371
	373
	375
	376
	377
	378
	380
	382
	383
	384
	385
	387
	389
	390
	393
	394
	396
	397
	399
	400
	404
	403
	408
	407
	412
	411
	416
	415
	420
	419
	424
	423
	342
	426
	427
	429
	430
	428
	431
	433
	434
	436
	437
	435
	438
	440
	441
	443
	444
	442
	445
	447
	448
	221
	451
	477
	478
	479
	480
	481
	482
	483
	484
	485
	487
	488
	489
	490
	492
	493
	494
	495
	496
	497
	498
	499
	501
	502
	503
	505
	506
	508
	509
	510
	512
	513
	514
	515
	516
	517
	518
	519
	521
	522
	524
	354
	525
	527
	528
	529
	530
	531
	532
	533
	534
	536
	537
	538
	539
	540
	541
	542
	543
	545
	546
	548
	549
	550
	551
	552
	553
	554
	555
	557
	558
	559
	561
	562
	563
	564
	565
	566
	567
	568
	570
	571
	572
	574
	575
	576
	577
	578
	579
	580
	581
	582
	584
	585
	586
	587
	227
	477
	233
	492
	239
	512
	245
	527
	251
	536
	258
	548
	265
	561
	271
	574
	588
	589
	590
	591
	592
	593
	594
	595
	598
	599
	601
	602
	600
	603
	605
	606
	607
	608
	610
	611
	609
	612
	614
	615
	616
	617
	619
	620
	618
	621
	624
	625
	627
	628
	626
	629
	631
	632
	633
	634
	636
	637
	635
	638
	640
	641
	643
	644
	645
	646
	647
	648
	596
	597
	260
	267
	253
	650
	652
	653
	655
	656
	654
	657
	659
	660
	661
	662
	663
	665
	666
	664
	667
	669
	670
	672
	673
	674
	675
	677
	678
	676
	679
	680
	681
	683
	684
	682
	685
	688
	689
	641
	687
	546
	690
	691
	693
	694
	696
	697
	698
	699
	502
	509
	701
	702
	703
	558
	571
	358
	705
	585
	706
	708
	709
	586
	710
	505
	521
	714
	715
	717
	718
	719
	522
	716
	721
	722
	723
	724
	506
	715
	720
	725
	727
	728
	730
	731
	729
	732
	575
	733
	478
	700
	736
	737
	738
	91
	705
	708
	712
	488
	61
	743
	744
	623
	745
	740
	744
	746
	747
	751
	752
	670
	750
	559
	753
	754
	756
	757
	761
	762
	661
	763
	736
	762
	764
	765
	771
	772
	766
	768
	739
	770
	587
	773
	774
	775
	776
	782
	783
	748
	779
	711
	781
	572
	784
	785
	786
	787
	790
	791
	793
	794
	795
	796
	797
	798
	800
	801
	803
	804
	805
	807
	808
	810
	811
	812
	813
	814
	815
	14
	21
	818
	819
	820
	822
	823
	824
	825
	827
	828
	829
	830
	831
	832
	833
	834
	835
	836
	837
	838
	839
	840
	841
	842
	843
	25
	845
	846
	847
	848
	849
	850
	851
	852
	853
	854
	855
	856
	857
	858
	859
	860
	862
	863
	864
	866
	867
	868
	870
	871
	872
	34
	42
	874
	875
	877
	878
	880
	881
	882
	44
	46
	885
	886
	741
	759
	888
	863
	686
	688
	749
	751
	767
	771
	778
	782
	890
	867
	692
	689
	755
	752
	769
	772
	780
	783
	801
	883
	893
	894
	895
	896
	897
	898
	899
	900
	800
	885
	878
	902
	903
	904
	905
	906
	907
	790
	886
	909
	910
	701
	912
	914
	915
	702
	917
	919
	920
	703
	922
	923
	925
	926
	928
	929
	931
	932
	934
	935
	937
	938
	939
	793
	807
	822
	941
	942
	943
	944
	794
	810
	823
	888
	890
	795
	811
	824
	947
	948
	796
	812
	950
	951
	797
	813
	825
	880
	953
	954
	956
	957
	958
	959
	960
	961
	962
	963
	964
	965
	966
	967
	968
	969
	970
	971
	973
	974
	976
	977
	979
	980
	804
	819
	49
	912
	917
	922
	984
	985
	986
	987
	990
	991
	992
	993
	928
	934
	937
	706
	710
	929
	935
	938
	997
	998
	999
	1000
	1003
	1004
	1005
	1006
	942
	948
	737
	1007
	368
	1011
	651
	1008
	369
	1013
	649
	1009
	370
	1015
	974
	980
	738
	1016
	375
	1020
	1021
	1022
	1023
	1017
	376
	1025
	709
	1018
	377
	1027
	951
	944
	726
	1028
	382
	1032
	734
	1029
	383
	1034
	1035
	1036
	1037
	1030
	384
	1039
	1040
	1041
	1042
	1043
	976
	981
	1045
	1046
	1047
	1048
	1049
	1050
	1051
	1052
	1053
	1054
	1055
	1056
	1057
	1058
	1059
	1060
	828
	846
	982
	1061
	914
	1062
	151
	1063
	1064
	1065
	1066
	830
	848
	989
	1068
	919
	1069
	160
	1070
	1071
	1072
	1073
	832
	850
	923
	1075
	81
	1076
	54
	1077
	1078
	1079
	1080
	834
	852
	82
	1082
	925
	1083
	915
	1084
	1085
	1086
	1087
	836
	854
	995
	1089
	931
	1090
	920
	1091
	1092
	1093
	1094
	838
	856
	1002
	1096
	110
	1097
	83
	1098
	1099
	1100
	1101
	840
	858
	939
	1103
	119
	1104
	926
	1105
	1106
	1107
	1108
	842
	860
	120
	1110
	284
	1111
	932
	1112
	1113
	1114
	1115
	1011
	1013
	1015
	1020
	1025
	1027
	1032
	1034
	1039
	1118
	1119
	1121
	1122
	1118
	1121
	1124
	1125
	1126
	1127
	1119
	1122
	1129
	1130
	1131
	1132
	27
	203
	28
	204
	29
	180
	1137
	1138
	1140
	1141
	1143
	1144
	201
	1140
	1146
	1147
	1133
	1141
	1149
	1150
	1134
	1143
	1152
	1153
	1135
	1144
	1155
	1156
	1129
	1155
	1158
	1159
	1161
	1162
	1163
	1164
	1165
	1166
	1167
	1168
	1130
	1152
	1170
	1171
	1173
	1174
	1175
	1176
	1177
	1178
	1179
	1180
	1124
	1156
	1182
	1183
	1185
	1186
	1187
	1188
	1189
	1190
	1191
	1192
	1125
	1153
	1194
	1195
	1197
	1198
	1199
	1200
	1201
	1202
	1203
	1204
	1131
	1149
	1206
	1207
	1209
	1210
	1211
	1212
	1213
	1214
	1215
	1216
	1132
	1146
	1218
	1219
	1221
	1222
	1223
	1224
	1225
	1226
	1227
	1228
	1126
	1150
	1230
	1231
	1233
	1234
	1235
	1236
	1237
	1238
	1239
	1240
	1127
	1147
	1242
	1243
	1245
	1246
	1247
	1248
	1249
	1250
	1251
	1252
	1254
	1255
	1256
	1257
	1258
	1259
	1260
	1261
	1263
	1264
	1265
	1266
	1267
	1268
	1269
	1270
	1272
	1273
	1274
	1275
	1276
	1277
	1278
	1279
	1281
	1282
	1283
	1284
	1285
	1286
	1287
	1288
	1290
	1291
	1292
	1293
	1294
	1295
	1296
	1297
	1299
	1300
	1301
	1302
	1303
	1304
	1305
	1306
	1308
	1309
	1310
	1311
	1312
	1313
	1314
	1315
	1317
	1318
	1319
	1320
	1321
	1322
	1323
	1324
	124
	1325
	161
	1326
	152
	1327
	144
	1328
	138
	1329
	133
	1330
	129
	1331
	126
	1332
	1333
	1334
	1335
	1336
	1337
	1338
	1339
	1340
	127
	1342
	479
	1343
	162
	1344
	153
	1345
	145
	1346
	139
	1347
	134
	1348
	130
	1349
	1350
	1351
	1352
	1353
	1354
	1355
	1356
	1357
	131
	1359
	493
	1360
	480
	1361
	163
	1362
	154
	1363
	146
	1364
	140
	1365
	135
	1366
	1367
	1368
	1369
	1370
	1371
	1372
	1373
	1374
	136
	1376
	513
	1377
	494
	1378
	481
	1379
	164
	1380
	155
	1381
	147
	1382
	141
	1383
	1384
	1385
	1386
	1387
	1388
	1389
	1390
	1391
	142
	1393
	528
	1394
	514
	1395
	495
	1396
	482
	1397
	165
	1398
	156
	1399
	148
	1400
	1401
	1402
	1403
	1404
	1405
	1406
	1407
	1408
	149
	1410
	537
	1411
	529
	1412
	515
	1413
	496
	1414
	483
	1415
	166
	1416
	157
	1417
	1418
	1419
	1420
	1421
	1422
	1423
	1424
	1425
	158
	1427
	549
	1428
	538
	1429
	530
	1430
	516
	1431
	497
	1432
	484
	1433
	167
	1434
	1435
	1436
	1437
	1438
	1439
	1440
	1441
	1442
	168
	1444
	562
	1445
	550
	1446
	539
	1447
	531
	1448
	517
	1449
	498
	1450
	485
	1451
	1452
	1453
	1454
	1455
	1456
	1457
	1458
	1459
	285
	1461
	499
	1462
	518
	1463
	532
	1464
	540
	1465
	551
	1466
	563
	1467
	576
	1468
	1469
	1470
	1471
	1472
	1473
	1474
	1475
	1476
	295
	1478
	519
	1479
	533
	1480
	541
	1481
	552
	1482
	564
	1483
	577
	1484
	286
	1485
	1486
	1487
	1488
	1489
	1490
	1491
	1492
	1493
	304
	1495
	534
	1496
	542
	1497
	553
	1498
	565
	1499
	578
	1500
	287
	1501
	296
	1502
	1503
	1504
	1505
	1506
	1507
	1508
	1509
	1510
	312
	1512
	543
	1513
	554
	1514
	566
	1515
	579
	1516
	288
	1517
	297
	1518
	305
	1519
	1520
	1521
	1522
	1523
	1524
	1525
	1526
	1527
	318
	1529
	555
	1530
	567
	1531
	580
	1532
	289
	1533
	298
	1534
	306
	1535
	313
	1536
	1537
	1538
	1539
	1540
	1541
	1542
	1543
	1544
	323
	1546
	568
	1547
	581
	1548
	290
	1549
	299
	1550
	307
	1551
	314
	1552
	319
	1553
	1554
	1555
	1556
	1557
	1558
	1559
	1560
	1561
	327
	1563
	582
	1564
	291
	1565
	300
	1566
	308
	1567
	315
	1568
	320
	1569
	324
	1570
	1571
	1572
	1573
	1574
	1575
	1576
	1577
	1578
	329
	1580
	292
	1581
	301
	1582
	309
	1583
	316
	1584
	321
	1585
	325
	1586
	328
	1587
	1588
	1589
	1590
	1591
	1592
	1593
	1594
	1595
	1598
	1599
	1600
	1601
	1602
	1603
	1604
	1605
	1606
	1607
	1608
	1609
	1610
	1611
	870
	881
	1613
	1614
	862
	882
	1616
	1617
	1614
	1617
	1341
	1618
	1477
	1619
	489
	1620
	1621
	1622
	1623
	1625
	170
	798
	808
	1626
	1628
	1629
	1631
	1632
	1633
	1634
	1635
	1636
	1637
	1638
	1640
	1641
	1642
	1643
	1644
	1645
	1646
	1647
	814
	818
	871
	1649
	1650
	1651
	1652
	1653
	1654
	1655
	1656
	815
	872
	1658
	1659
	1660
	1661
	1662
	1663
	1664
	1665
	1358
	1666
	1494
	1599
	1667
	1668
	1375
	1670
	1511
	1601
	1671
	1672
	1392
	1674
	1528
	1603
	1675
	1676
	1409
	1678
	1545
	1605
	1679
	1680
	1426
	1682
	1562
	1607
	1683
	1684
	1443
	1686
	1579
	1609
	1687
	1688
	1460
	1690
	1596
	1611
	1691
	1692
	1632
	1659
	1624
	1694
	1699
	1695
	1701
	1702
	490
	1696
	1697
	1700
	1703
	1634
	1661
	1669
	1705
	1710
	1706
	1712
	1713
	503
	1707
	1708
	1711
	1714
	1636
	1663
	1673
	1716
	1721
	1717
	1723
	1724
	510
	1718
	1719
	1722
	1725
	1638
	1665
	1677
	1727
	1732
	1728
	1734
	1735
	525
	1729
	1730
	1733
	1736
	1641
	1650
	1681
	1738
	1743
	1739
	1745
	1746
	695
	1740
	1741
	1744
	1747
	1643
	1652
	1685
	1749
	1754
	1750
	1756
	1757
	758
	1751
	1752
	1755
	1758
	1645
	1654
	1689
	1760
	1765
	1761
	1767
	1768
	788
	1762
	1763
	1766
	1769
	1647
	1656
	1693
	1771
	1776
	1772
	1778
	1779
	777
	1773
	1774
	1777
	1780
	1783
	1784
	1785
	1786
	1787
	1788
	1789
	1790
	1791
	1792
	1793
	1794
	1795
	1796
	1797
	1798
	1799
	38
	1801
	1802
	1803
	1804
	1805
	1806
	1807
	1808
	1809
	1810
	1811
	1812
	1813
	1814
	1815
	1816
	1784
	1802
	84
	1817
	222
	1818
	224
	1819
	1820
	1821
	1822
	1786
	1804
	94
	1824
	225
	1825
	229
	1826
	1827
	1828
	1829
	1788
	1806
	104
	1831
	230
	1832
	235
	1833
	1834
	1835
	1836
	1790
	1808
	113
	1838
	236
	1839
	241
	1840
	1841
	1842
	1843
	1792
	1810
	121
	1845
	242
	1846
	247
	1847
	1848
	1849
	1850
	1794
	1812
	293
	1852
	248
	1853
	254
	1854
	1855
	1856
	1857
	1796
	1814
	302
	1859
	255
	1860
	261
	1861
	1862
	1863
	1864
	1798
	1816
	310
	1866
	262
	1867
	268
	1868
	1869
	1870
	1871
	6
	1873
	1875
	1876
	1877
	1878
	1879
	1880
	1881
	1882
	1883
	1884
	1885
	1886
	1887
	1888
	1889
	1890
	7
	17
	1891
	1893
	1894
	1896
	1897
	1898
	1899
	1901
	1902
	1903
	1904
	1905
	1906
	1907
	1908
	8
	18
	1909
	1911
	1912
	1914
	1915
	1916
	1917
	1919
	1920
	1921
	1922
	1923
	1924
	1925
	1926
	9
	19
	10
	31
	39
	1929
	11
	1931
	1932
	1933
	1934
	1927
	1928
	1936
	1937
	1938
	1939
	1940
	1941
	1942
	1943
	1944
	1945
	1946
	1947
	1948
	1949
	1950
	1951
	1937
	1876
	1067
	1952
	1955
	1956
	56
	1875
	1958
	1959
	57
	1931
	1953
	1961
	1962
	1955
	1958
	1961
	1964
	1965
	1966
	1956
	1959
	1962
	1968
	1969
	1970
	1919
	231
	1971
	1920
	275
	894
	1914
	1823
	1972
	1973
	1974
	1976
	1977
	1979
	1980
	1982
	1983
	171
	1964
	1979
	1985
	1986
	181
	1965
	1982
	1988
	1989
	192
	1968
	1983
	205
	1969
	1980
	1985
	1988
	1986
	1989
	1990
	1991
	1992
	1994
	1995
	1997
	1998
	1999
	2000
	2001
	1939
	1878
	1074
	2002
	2005
	2006
	66
	1877
	2008
	2009
	67
	1932
	2003
	2011
	2012
	2005
	2008
	2011
	2014
	2015
	2016
	2006
	2009
	2012
	2018
	2019
	2020
	1921
	237
	2021
	1922
	276
	896
	1915
	1830
	2022
	2023
	2024
	2026
	2027
	2029
	2030
	2032
	2033
	172
	2014
	2029
	2035
	2036
	182
	2015
	2032
	2038
	2039
	193
	2018
	2033
	206
	2019
	2030
	2035
	2038
	2044
	2045
	2036
	2039
	2040
	2041
	2042
	2046
	2047
	2049
	2050
	2051
	2052
	1941
	1880
	1081
	2053
	2056
	2057
	75
	1879
	2059
	2060
	76
	1933
	2054
	2062
	2063
	2056
	2059
	2062
	2065
	2066
	2067
	2057
	2060
	2063
	2069
	2070
	2071
	1923
	243
	2072
	1924
	277
	898
	1916
	1837
	2073
	2074
	2075
	2077
	2078
	2080
	2081
	2083
	2084
	173
	2065
	2080
	2086
	2087
	183
	2066
	2083
	2089
	2090
	194
	2069
	2084
	207
	2070
	2081
	2086
	2089
	2095
	2096
	2087
	2090
	2091
	2092
	2093
	2097
	2098
	2100
	2101
	2102
	1943
	1882
	1088
	2103
	2106
	2107
	85
	1881
	2109
	2110
	86
	1934
	2104
	2112
	2113
	2106
	2109
	2112
	2115
	2116
	2117
	2107
	2110
	2113
	2119
	2120
	2121
	1925
	249
	2122
	1926
	278
	900
	1917
	1844
	2123
	2124
	2125
	2127
	2128
	2130
	2131
	2133
	2134
	174
	2115
	2130
	2136
	2137
	184
	2116
	2133
	2139
	2140
	195
	2119
	2134
	208
	2120
	2131
	2136
	2139
	2145
	2146
	2137
	2140
	2141
	2142
	2143
	2147
	2148
	2150
	2151
	2152
	12
	2154
	2155
	2156
	2157
	1945
	1884
	1095
	2158
	2161
	2162
	95
	1883
	2164
	2165
	96
	2154
	2159
	2167
	2168
	2161
	2164
	2167
	2170
	2171
	2172
	2162
	2165
	2168
	2174
	2175
	2176
	1901
	256
	2177
	1902
	279
	910
	1896
	1851
	2178
	2179
	2180
	2182
	2183
	2184
	2185
	2187
	2188
	2190
	2191
	175
	2170
	2187
	2193
	2194
	185
	2171
	2190
	2196
	2197
	196
	2174
	2191
	209
	2175
	2188
	2193
	2196
	2194
	2197
	2198
	2199
	2200
	2202
	2203
	2205
	2206
	2207
	2208
	2209
	1947
	1886
	1102
	2210
	2213
	2214
	105
	1885
	2216
	2217
	106
	2155
	2211
	2219
	2220
	2213
	2216
	2219
	2222
	2223
	2224
	2214
	2217
	2220
	2226
	2227
	2228
	1903
	263
	2229
	1904
	280
	903
	1897
	1858
	2230
	2231
	2232
	2234
	2235
	2236
	2237
	2239
	2240
	2242
	2243
	176
	2222
	2239
	2245
	2246
	186
	2223
	2242
	2248
	2249
	197
	2226
	2243
	210
	2227
	2240
	2245
	2248
	2254
	2255
	2246
	2249
	2250
	2251
	2252
	2256
	2257
	2259
	2260
	2261
	2262
	1949
	1888
	1109
	2263
	2266
	2267
	114
	1887
	2269
	2270
	115
	2156
	2264
	2272
	2273
	2266
	2269
	2272
	2275
	2276
	2277
	2267
	2270
	2273
	2279
	2280
	2281
	1905
	269
	2282
	1906
	281
	905
	1898
	1865
	2283
	2284
	2285
	2287
	2288
	2289
	2290
	2292
	2293
	2295
	2296
	177
	2275
	2292
	2298
	2299
	187
	2276
	2295
	2301
	2302
	198
	2279
	2296
	211
	2280
	2293
	2298
	2301
	2307
	2308
	2299
	2302
	2303
	2304
	2305
	2309
	2310
	2312
	2313
	2314
	1951
	1890
	1116
	2315
	2318
	2319
	122
	1889
	2321
	2322
	123
	2157
	2316
	2324
	2325
	2318
	2321
	2324
	2327
	2328
	2329
	2319
	2322
	2325
	2331
	2332
	2333
	1907
	273
	2334
	1908
	282
	907
	1899
	1872
	2335
	2336
	2337
	2339
	2340
	2341
	2342
	2344
	2345
	2347
	2348
	178
	2327
	2344
	2350
	2351
	188
	2328
	2347
	2353
	2354
	199
	2331
	2348
	212
	2332
	2345
	2350
	2353
	2359
	2360
	2351
	2354
	2355
	2356
	2357
	2361
	2362
	2364
	2365
	1997
	2049
	2100
	2150
	2367
	2368
	394
	2370
	2371
	1998
	2044
	1999
	2050
	2095
	2145
	2051
	2101
	2000
	2372
	2373
	2374
	2375
	2377
	2378
	791
	805
	820
	2380
	2381
	2382
	2383
	2384
	2385
	2380
	214
	2387
	2388
	2381
	215
	2382
	216
	344
	2391
	2392
	2393
	2383
	217
	345
	2395
	2396
	2397
	2398
	2384
	218
	346
	2400
	2401
	2402
	2385
	219
	347
	2404
	2405
	2406
	2368
	2407
	2205
	2259
	2312
	2364
	393
	2409
	2206
	2254
	2207
	2260
	2307
	2359
	2261
	2313
	2208
	2410
	2411
	2412
	2413
	2407
	2415
	2417
	2418
	2387
	1966
	2420
	2421
	2422
	2423
	2424
	2425
	2427
	2428
	2388
	2016
	2430
	2431
	2432
	2433
	2435
	2436
	2434
	2437
	2439
	2440
	2441
	2442
	2443
	2444
	2446
	2447
	2391
	2067
	2449
	2450
	2451
	2452
	2454
	2455
	2453
	2456
	2458
	2459
	2460
	2461
	2462
	2463
	2465
	2466
	2392
	2117
	2468
	2469
	2470
	2471
	2473
	2474
	2472
	2475
	2477
	2478
	2479
	2480
	2481
	2482
	2484
	2485
	2393
	2172
	2487
	2488
	2489
	2490
	2491
	2492
	2494
	2495
	2400
	2224
	2497
	2498
	2499
	2500
	2501
	2502
	2504
	2505
	2401
	2277
	2507
	2508
	2509
	2510
	2511
	2512
	2514
	2515
	2402
	2329
	2517
	2518
	2519
	2520
	2522
	2523
	2521
	2524
	2526
	2527
	2528
	2529
	2530
	2531
	2533
	2534
	2535
	2536
	2538
	2539
	2541
	2542
	2543
	2544
	2545
	2547
	2548
	2549
	2551
	2552
	2553
	2554
	2555
	2556
	2558
	2559
	2557
	2560
	2562
	2563
	2564
	2565
	2566
	2567
	2569
	2570
	2568
	2571
	2573
	2574
	2575
	2576
	2577
	2579
	2580
	2581
	2582
	2045
	2389
	2096
	2395
	2585
	2586
	2146
	2396
	2588
	2589
	2591
	2592
	2255
	2397
	2308
	2404
	2595
	2596
	2360
	2405
	2598
	2599
	2601
	2602
	2415
	2406
	2604
	2605
	2607
	2608
	2609
	2610
	2611
	2612
	2618
	2619
	2184
	2236
	2289
	2341
	2620
	2613
	2614
	2615
	2616
	2619
	2621
	2622
	2625
	2626
	2623
	2627
	2409
	2626
	2628
	2629
	2631
	2632
	2633
	2635
	2636
	2637
	2638
	2607
	2370
	2378
	2639
	2641
	2642
	2643
	2635
	2371
	2645
	2646
	2636
	2533
	2541
	2551
	2648
	2649
	2637
	2552
	2542
	2638
	2547
	2579
	2573
	2562
	2580
	2574
	2654
	426
	2608
	2548
	2575
	2601
	2596
	2656
	2658
	2659
	429
	2534
	2585
	2535
	2538
	2591
	2536
	2539
	2553
	2609
	2660
	2661
	2662
	2663
	2665
	2666
	2543
	2592
	2544
	2554
	2610
	2563
	2595
	2564
	2576
	2602
	2673
	2674
	2676
	2677
	2675
	2678
	2680
	2681
	2683
	2684
	2682
	2685
	2687
	2688
	332
	2649
	2690
	2691
	2692
	2693
	2695
	2696
	2694
	2697
	2699
	2700
	2701
	2702
	2704
	2705
	2703
	2706
	2709
	2710
	2712
	2713
	2711
	2714
	2716
	2717
	2718
	2719
	2720
	2722
	2723
	2721
	2724
	2726
	2727
	334
	2651
	2729
	2730
	2731
	2732
	2734
	2735
	2733
	2736
	2738
	2739
	2740
	2741
	2742
	2744
	2745
	2743
	2746
	2748
	2749
	2751
	2752
	2750
	2753
	2755
	2756
	2757
	2758
	2760
	2761
	2759
	2762
	2764
	2765
	336
	2652
	2767
	2768
	2769
	2770
	2772
	2773
	2771
	2774
	2776
	2777
	2778
	2779
	2781
	2782
	2780
	2783
	2786
	2787
	2789
	2790
	2788
	2791
	2793
	2794
	2795
	2796
	2797
	2799
	2800
	2798
	2801
	2803
	2804
	338
	2527
	2806
	2807
	2808
	2809
	2811
	2812
	2810
	2813
	2815
	2816
	2817
	2818
	2819
	2821
	2822
	2820
	2823
	2825
	2826
	2828
	2829
	2827
	2830
	2832
	2833
	2835
	2836
	340
	2646
	2837
	2643
	2836
	2838
	2839
	2841
	2842
	2844
	2845
	2846
	341
	2633
	2847
	1021
	2849
	1022
	2851
	2849
	2851
	2853
	2854
	2856
	2857
	2858
	2860
	430
	2708
	2844
	2738
	2716
	2699
	2845
	2861
	2862
	2785
	2856
	2815
	2793
	2776
	2857
	2864
	2865
	2867
	2868
	2870
	2871
	2869
	2872
	2874
	2875
	2878
	2879
	2880
	2881
	2882
	2883
	2885
	2886
	2884
	2887
	2889
	2890
	2893
	2894
	2895
	2896
	1046
	957
	2700
	2897
	2901
	2902
	2863
	2898
	2904
	2905
	1704
	2899
	2907
	2908
	2901
	2904
	2907
	396
	397
	2910
	2911
	2902
	2905
	2908
	2913
	2914
	1048
	959
	2718
	2915
	2919
	2920
	2873
	2916
	2922
	2923
	1715
	2917
	2925
	2926
	2919
	2922
	2925
	399
	400
	2928
	2929
	2920
	2923
	2926
	2931
	2932
	1050
	961
	2740
	2933
	2937
	2938
	2877
	2934
	2940
	2941
	1726
	2935
	2943
	2944
	2937
	2940
	2943
	404
	2946
	2938
	2941
	2944
	402
	2948
	1052
	963
	2755
	2949
	2953
	2954
	2756
	2950
	2956
	2957
	1737
	2951
	2959
	2960
	2953
	2956
	2959
	408
	2962
	2963
	2954
	2957
	2960
	406
	2965
	1054
	965
	2777
	2966
	2970
	2971
	2866
	2967
	2973
	2974
	1748
	2968
	2976
	2977
	2970
	2973
	2976
	412
	2979
	2971
	2974
	2977
	410
	2981
	1056
	967
	2795
	2982
	2986
	2987
	2888
	2983
	2989
	2990
	1759
	2984
	2992
	2993
	2986
	2989
	2992
	416
	2995
	2987
	2990
	2993
	414
	2997
	1058
	969
	2817
	2998
	3002
	3003
	2892
	2999
	3005
	3006
	1770
	3000
	3008
	3009
	3002
	3005
	3008
	420
	3011
	3003
	3006
	3009
	418
	3013
	1060
	971
	2832
	3014
	3018
	3019
	2833
	3015
	3021
	3022
	1781
	3016
	3024
	3025
	3018
	3021
	3024
	424
	3027
	3019
	3022
	3025
	422
	3029
	3030
	3031
	3033
	3034
	3032
	3035
	3037
	3038
	3039
	3040
	3042
	3043
	3041
	3044
	3046
	3047
	3048
	3049
	3051
	3052
	3050
	3053
	3055
	3056
	3057
	3058
	3060
	3061
	3059
	3062
	3065
	3066
	3067
	3068
	3070
	3071
	3069
	3072
	3074
	3075
	3076
	3077
	3078
	3081
	3082
	3083
	3084
	3085
	3086
	3087
	3088
	3090
	3091
	3089
	3092
	3094
	3095
	3096
	3097
	3098
	3099
	3100
	3101
	3102
	3103
	3105
	3106
	3108
	3109
	3105
	3108
	3111
	3112
	3106
	3109
	3114
	3115
	3117
	3118
	3111
	2911
	3120
	3121
	2929
	3112
	3123
	3124
	3125
	3126
	3128
	3129
	3127
	3130
	3132
	3133
	3134
	3135
	3138
	3139
	3140
	3141
	3142
	3143
	3145
	3146
	3117
	3145
	3148
	3149
	3118
	3146
	3151
	3152
	3075
	3132
	3148
	3076
	3138
	3151
	3081
	3133
	3152
	3082
	3139
	3149
	3153
	3154
	3155
	3156
	3158
	3159
	3161
	3162
	3163
	3164
	3165
	3166
	3167
	3168
	3169
	3170
	3029
	3013
	2997
	2981
	3172
	447
	2965
	2948
	2931
	2913
	3174
	448
	2932
	2914
	3115
	3172
	3174
	3175
	3176
	3178
	601
	598
	3180
	3182
	610
	607
	3184
	3186
	3187
	3189
	3190
	3189
	3191
	3187
	3192
	3196
	3197
	3199
	3200
	3199
	3201
	3197
	3202
	3206
	619
	616
	3208
	3210
	627
	624
	3212
	3193
	3194
	3214
	636
	3203
	3204
	633
	3216
	3218
	698
	696
	3220
	3222
	647
	645
	3224
	3226
	3227
	3229
	3230
	3229
	3231
	3227
	3232
	3236
	3237
	3239
	3240
	3239
	3241
	3237
	3242
	3246
	3247
	3249
	3250
	3249
	3251
	3247
	3252
	3256
	3257
	3259
	3260
	3259
	3261
	3257
	3262
	3233
	3234
	3266
	655
	3243
	3244
	652
	3268
	3253
	3254
	3270
	665
	3263
	3264
	662
	3272
	3274
	683
	680
	3276
	3278
	677
	674
	3280
	3282
	723
	721
	3284
	3286
	992
	990
	3288
	3290
	730
	727
	3292
	3294
	1005
	1003
	3296
	3297
	3298
	3300
	3301
	3299
	3302
	3304
	1042
	331
	2679
	1040
	3306
	3308
	3309
	3311
	3312
	3311
	3313
	3309
	3314
	3318
	2424
	2422
	3320
	3322
	2435
	2432
	3324
	3326
	2443
	2441
	3328
	3330
	2454
	2451
	3332
	3334
	2462
	2460
	3336
	3338
	2473
	2470
	3340
	3342
	2481
	2479
	3344
	3346
	3347
	3349
	3350
	3349
	3351
	3347
	3352
	3356
	2491
	2489
	3358
	3360
	2558
	2555
	3362
	3364
	2501
	2499
	3366
	3368
	2569
	2566
	3370
	3372
	2511
	2509
	3374
	3376
	2522
	2519
	3378
	3380
	2530
	2528
	3382
	3384
	2676
	2673
	3386
	3388
	3300
	3297
	3390
	3392
	2683
	3315
	3316
	2680
	3394
	2667
	2668
	2669
	3396
	3397
	3399
	3400
	3399
	3401
	3397
	3402
	2589
	2655
	3406
	2722
	2719
	3408
	3410
	3411
	3413
	3414
	3413
	3415
	3411
	3416
	2670
	2671
	2672
	3420
	2760
	3353
	3354
	2757
	3422
	3424
	3425
	3427
	3428
	3427
	3429
	3425
	3430
	3434
	2799
	2796
	3436
	3438
	2695
	2692
	3440
	3442
	2704
	2701
	3444
	3403
	3404
	3446
	2712
	333
	2650
	2709
	3448
	3450
	2734
	2731
	3452
	3454
	2744
	2741
	3456
	3417
	3418
	3458
	2751
	335
	2632
	2748
	3460
	3462
	2772
	2769
	3464
	3466
	2781
	2778
	3468
	3431
	3432
	3470
	2789
	337
	2654
	2786
	3472
	3474
	2811
	2808
	3476
	3478
	2821
	2818
	3480
	3482
	2828
	2581
	2582
	2825
	3484
	3486
	2870
	2739
	2842
	2867
	3488
	3490
	2880
	2878
	3492
	3494
	2885
	2816
	2854
	2882
	3496
	3498
	2895
	2893
	3500
	3502
	3033
	3030
	3504
	3506
	3042
	3039
	3508
	3510
	3051
	3048
	3512
	3514
	3060
	3057
	3516
	3518
	3070
	3067
	3520
	3522
	3085
	3083
	3524
	3526
	3527
	3529
	3530
	3529
	3531
	3527
	3532
	3536
	3090
	3533
	3534
	3087
	3538
	3540
	3102
	3100
	3542
	3544
	3098
	3096
	3546
	3548
	3128
	3125
	3550
	3552
	3142
	3140
	3554
	3556
	3169
	3167
	3558
	3560
	3165
	3163
	3562

50
	1
	13
	20
	33
	41
	45
	50
	58
	68
	77
	87
	97
	107
	116
	124
	125
	128
	132
	137
	143
	150
	159
	169
	179
	190
	200
	213
	222
	223
	226
	232
	238
	244
	250
	257
	264
	270
	274
	283
	294
	303
	311
	317
	322
	326
	329
	330
	343
	1799
	3144

22
	353
	357
	360
	367
	374
	381
	388
	392
	395
	398
	401
	405
	409
	413
	417
	421
	425
	432
	439
	446
	450
	453

0	0

0	0
