19 % リスト１の行数
% 左から、タイプ、入力数、ポインタまたは入力線、出力数、ポインタまたは出力線
% タイプ 0:PI １:OR 2:AND 3:分岐の枝 4:PO 5:EXOR 6:FF -1:NAND -2:NOR -3:NOT 9:unused
% 2列目が１の時、3列目は入力数を表し、２以上のとき、リスト２に示される番号の信号線が入力である。
% 4列目が１の時、5列目は出力数を表し、２以上のとき、リスト２に示される番号の信号線が出力である。
% ここから リスト１。上から順に、１、２、３、の順に信号線の番号がついている。
	0	1	1	1	12
	0	1	2	1	16
	0	1	3	2	1
	0	1	4	1	13
	0	1	5	1	19
	4	1	7	0	0
	-1	2	15	1	6
	4	1	9	0	0
	-1	2	17	1	8
	3	1	3	1	12
	3	1	3	1	13
	-1	2	3	1	7
	-1	2	5	2	7
	3	1	13	1	16
	3	1	13	1	19
	-1	2	9	2	11
	3	1	16	1	7
	3	1	16	1	9
	-1	2	13	1	9

18  %リスト２の行数
% ここからリスト２。上から順にポインタの番号は１、２、３、とついている。
	10
	11
	1
	10
	11
	4
	14
	15
	2
	14
	17
	18
	15
	5
	12
	17
	18
	19

5 % 外部入力数
% ここから外部入力線のリスト
	1
	2
	3
	4
	5

2 % 外部出力線数
% ここから外部出力線の１つ前にあるゲートの出力線のリスト
	7
	9

0 % フリップフロップの数
	0

0
	0
