
1228
	0	1	1	10	869
	0	1	2	12	879
	0	1	3	16	891
	0	1	4	14	907
	0	1	5	17	921
	0	1	6	15	938
	0	1	7	17	953
	0	1	8	14	970
	0	1	9	13	984
	0	1	10	11	997
	0	1	11	9	1008
	0	1	12	11	1017
	0	1	13	6	1028
	0	1	14	7	1034
	4	1	16	0	0
	-3	1	79	1	15
	4	1	18	0	0
	1	3	447	1	17
	4	1	20	0	0
	1	4	452	1	19
	4	1	22	0	0
	1	3	456	1	21
	4	1	24	0	0
	1	3	459	1	23
	4	1	26	0	0
	1	2	462	1	25
	4	1	28	0	0
	1	2	464	1	27
	4	1	30	0	0
	1	4	466	1	29
	4	1	32	0	0
	1	2	470	1	31
	4	1	34	0	0
	0	1	15	1	33
	4	1	36	0	0
	-1	3	757	1	35
	4	1	38	0	0
	1	2	488	1	37
	4	1	40	0	0
	1	2	490	1	39
	4	1	42	0	0
	1	2	492	1	41
	0	1	16	1	136
	-2	2	807	1	45
	4	1	44	0	0
	0	1	17	4	1041
	-1	2	601	1	48
	4	1	47	0	0
	0	1	18	3	1288
	-1	2	644	1	51
	4	1	50	0	0
	0	1	19	2	1490
	-1	3	698	1	54
	4	1	53	0	0
	0	1	20	1	132
	-2	2	860	1	57
	4	1	56	0	0
	0	1	21	5	1345
	-2	3	842	1	60
	4	1	59	0	0
	0	1	22	1	928
	-1	2	728	1	63
	4	1	62	0	0
	0	1	23	1	520
	-2	2	816	1	66
	4	1	65	0	0
	0	1	24	2	1309
	-1	2	585	1	69
	4	1	68	0	0
	0	1	25	2	1343
	2	2	19	1	72
	4	1	71	0	0
	0	1	26	1	591
	-1	2	617	1	75
	4	1	74	0	0
	0	1	27	1	131
	-2	2	818	1	78
	4	1	77	0	0
	0	1	28	1	16
	-2	3	866	1	81
	4	1	80	0	0
	0	1	29	1	133
	-2	2	814	1	84
	4	1	83	0	0
	0	1	30	1	134
	-2	3	811	1	87
	4	1	86	0	0
	0	1	31	1	135
	-2	2	822	1	90
	4	1	89	0	0
	-1	3	754	1	92
	4	1	91	0	0
	0	1	32	1	1114
	-2	4	826	1	95
	4	1	94	0	0
	-3	1	97	4	1196
	3	1	1	1	96
	-3	1	99	7	1400
	3	1	2	1	98
	-3	1	101	10	1123
	3	1	3	1	100
	-3	1	103	12	1049
	3	1	4	1	102
	-3	1	105	1	106
	3	1	5	1	104
	-3	1	104	1	470
	-3	1	108	5	1466
	3	1	5	1	107
	-3	1	110	12	1070
	3	1	6	1	109
	-3	1	112	15	1085
	3	1	7	1	111
	-3	1	114	5	1294
	3	1	8	1	113
	-3	1	116	7	1316
	3	1	9	1	115
	-3	1	118	10	1350
	3	1	10	1	117
	-3	1	120	7	1110
	3	1	11	1	119
	-3	1	122	5	1471
	3	1	12	1	121
	-3	1	124	6	1423
	3	1	13	1	123
	-3	1	126	4	1486
	3	1	14	1	125
	-3	1	128	1	767
	3	1	46	1	127
	-3	1	130	1	792
	3	1	46	1	129
	-3	1	76	1	642
	-3	1	55	1	963
	-3	1	82	1	651
	-3	1	85	1	584
	-3	1	88	1	348
	-3	1	43	1	966
	-3	1	138	1	769
	3	1	873	1	137
	-3	1	140	3	1366
	3	1	876	1	139
	-3	1	142	1	774
	3	1	102	1	141
	-3	1	144	5	1146
	3	1	888	1	143
	-3	1	146	1	597
	3	1	891	1	145
	-3	1	148	7	1151
	3	1	894	1	147
	-3	1	150	1	151
	3	1	109	1	149
	-3	1	149	1	1012
	-3	1	153	6	1303
	3	1	897	1	152
	-3	1	155	3	1374
	3	1	111	1	154
	-3	1	157	2	1476
	3	1	903	1	156
	-3	1	159	1	212
	3	1	906	1	158
	-3	1	161	3	1454
	3	1	906	1	160
	-3	1	163	1	164
	3	1	119	1	162
	-3	1	162	1	1033
	-3	1	166	6	1323
	3	1	909	1	165
	-3	1	168	1	1175
	3	1	1136	1	167
	-3	1	170	1	1177
	3	1	1139	1	169
	-3	1	172	1	706
	3	1	100	1	171
	-3	1	174	1	380
	3	1	711	1	173
	-3	1	176	1	382
	3	1	916	1	175
	-3	1	178	1	179
	3	1	1149	1	177
	-3	1	177	1	538
	-3	1	181	1	182
	3	1	919	1	180
	-3	1	180	1	1012
	-3	1	184	1	185
	3	1	143	1	183
	-3	1	183	1	1013
	-3	1	187	1	188
	3	1	147	1	186
	-3	1	186	1	534
	-3	1	190	1	1227
	3	1	1152	1	189
	-3	1	192	5	1331
	3	1	932	1	191
	-3	1	194	1	195
	-2	2	772	1	193
	-3	1	193	1	538
	-3	1	197	2	1203
	3	1	939	1	196
	-3	1	199	2	1360
	3	1	943	1	198
	-3	1	201	2	1339
	3	1	946	1	200
	-3	1	203	1	1034
	3	1	731	1	202
	-3	1	205	1	206
	3	1	949	1	204
	-3	1	204	1	1033
	-3	1	208	2	1341
	3	1	952	1	207
	-3	1	210	1	211
	3	1	147	1	209
	-3	1	209	1	675
	-3	1	158	1	213
	-3	1	212	1	691
	-3	1	215	6	1214
	3	1	958	1	214
	-3	1	217	1	1039
	3	1	10	1	216
	-3	1	219	1	1213
	3	1	1166	1	218
	-3	1	221	1	30
	3	1	963	1	220
	-3	1	223	1	20
	3	1	963	1	222
	-3	1	225	1	226
	3	1	932	1	224
	-3	1	224	1	574
	-3	1	228	1	831
	3	1	1169	1	227
	-3	1	230	1	231
	3	1	2	1	229
	-3	1	229	1	470
	-3	1	233	1	234
	3	1	96	1	232
	-3	1	232	1	252
	-3	1	236	4	1431
	3	1	982	1	235
	-3	1	238	1	239
	3	1	196	1	237
	-3	1	237	1	608
	-3	1	241	1	838
	3	1	988	1	240
	-3	1	243	1	456
	3	1	990	1	242
	-3	1	245	1	458
	3	1	996	1	244
	-3	1	247	1	266
	3	1	214	1	246
	-3	1	249	3	1377
	3	1	1003	1	248
	-3	1	251	1	561
	3	1	1019	1	250
	-3	1	234	1	471
	-3	1	254	1	479
	3	1	1027	1	253
	-3	1	256	2	1387
	3	1	1030	1	255
	-3	1	258	1	272
	3	1	1057	1	257
	-3	1	260	1	507
	3	1	1059	1	259
	-3	1	262	1	848
	3	1	1063	1	261
	-3	1	264	1	274
	3	1	1063	1	263
	-3	1	266	2	1391
	2	2	89	1	265
	-3	1	268	2	1393
	3	1	1067	1	267
	-3	1	270	1	271
	3	1	1189	1	269
	-3	1	269	1	667
	-3	1	257	1	273
	-3	1	272	1	277
	-3	1	263	2	1245
	-3	1	276	1	59
	3	1	1085	1	275
	-3	1	273	1	278
	-3	1	277	1	545
	-3	1	280	1	281
	1	2	402	1	279
	-3	1	279	1	627
	-3	1	283	1	1198
	3	1	274	1	282
	-3	1	285	1	1200
	3	1	274	1	284
	-3	1	287	1	559
	3	1	1093	1	286
	-3	1	289	1	1202
	3	1	1097	1	288
	-3	1	291	1	1210
	3	1	1195	1	290
	-3	1	293	3	1411
	3	1	1105	1	292
	-3	1	295	1	296
	3	1	1198	1	294
	-3	1	294	1	667
	-3	1	298	1	299
	3	1	1200	1	297
	-3	1	297	1	627
	-3	1	301	1	861
	3	1	1207	1	300
	-3	1	303	1	863
	3	1	1207	1	302
	-3	1	305	1	600
	3	1	858	1	304
	-3	1	307	1	868
	3	1	1108	1	306
	-3	1	309	3	1274
	3	1	1108	1	308
	-3	1	311	1	1119
	3	1	1111	1	310
	-3	1	313	1	1218
	3	1	860	1	312
	-3	1	315	1	610
	3	1	860	1	314
	-3	1	317	1	1220
	3	1	308	1	316
	-3	1	319	1	1222
	3	1	1114	1	318
	-3	1	321	1	322
	-1	2	748	1	320
	-3	1	320	1	633
	-3	1	324	1	1225
	3	1	1215	1	323
	-3	1	326	1	327
	3	1	1218	1	325
	-3	1	325	1	868
	-3	1	329	1	330
	3	1	1218	1	328
	-3	1	328	3	1283
	-3	1	332	1	333
	3	1	330	1	331
	-3	1	331	1	694
	-3	1	335	1	80
	3	1	871	1	334
	-3	1	337	1	338
	1	2	484	1	336
	-3	1	336	1	40
	2	2	1	1	506
	3	1	7	1	339
	3	1	49	1	339
	2	2	3	1	567
	3	1	1126	1	342
	3	1	4	1	342
	2	2	5	1	94
	3	1	111	1	345
	3	1	113	1	345
	2	2	7	1	624
	3	1	102	1	348
	2	2	9	1	816
	3	1	922	1	350
	3	1	932	1	350
	2	2	11	3	1397
	1	2	286	1	353
	3	1	925	1	353
	2	2	13	1	582
	3	1	891	1	356
	3	1	152	1	356
	2	4	15	1	487
	3	1	9	1	359
	3	1	147	1	359
	3	1	67	1	359
	3	1	1160	1	359
	3	1	1126	1	71
	3	1	1160	1	71
	2	2	21	1	649
	3	1	10	1	366
	3	1	1163	1	366
	2	3	23	1	491
	3	1	111	1	369
	3	1	8	1	369
	3	1	958	1	369
	2	2	26	1	503
	3	1	115	1	373
	3	1	165	1	373
	2	3	28	1	83
	3	1	7	1	376
	3	1	906	1	376
	3	1	165	1	376
	2	2	31	1	94
	3	1	119	1	380
	2	2	33	1	44
	3	1	932	1	382
	2	2	35	1	595
	3	1	932	1	384
	3	1	1169	1	384
	2	2	37	1	86
	3	1	2	1	387
	3	1	1169	1	387
	2	2	39	1	659
	3	1	96	1	390
	3	1	2	1	390
	2	2	41	1	44
	-1	2	568	1	393
	3	1	1146	1	393
	2	2	43	1	846
	3	1	7	1	396
	-1	3	572	1	396
	2	2	45	1	846
	3	1	102	1	399
	3	1	191	1	399
	2	2	47	1	836
	3	1	916	1	402
	3	1	985	1	402
	2	3	49	1	551
	3	1	115	1	405
	3	1	196	1	405
	3	1	1149	1	405
	2	3	52	1	1115
	-1	2	583	1	409
	3	1	10	1	409
	3	1	1136	1	409
	2	4	55	1	487
	3	1	102	1	413
	-2	2	764	1	413
	3	1	200	1	413
	3	1	207	1	413
	2	2	59	1	691
	3	1	70	1	418
	3	1	207	1	418
	2	3	61	1	26
	3	1	10	1	421
	-1	2	589	1	421
	3	1	58	1	421
	2	2	64	1	491
	3	1	117	1	425
	-1	2	591	1	425
	2	2	66	1	517
	3	1	198	1	428
	3	1	214	1	428
	2	2	68	1	503
	3	1	943	1	431
	3	1	214	1	431
	2	3	70	1	1115
	3	1	1177	1	434
	3	1	935	1	434
	-1	2	520	1	434
	2	2	73	1	503
	3	1	198	1	438
	-1	2	603	1	438
	2	2	75	1	506
	3	1	8	1	441
	-1	2	605	1	441
	2	2	77	1	659
	3	1	1	1	444
	-1	3	621	1	444
	2	2	79	1	846
	3	1	6	1	447
	-1	2	624	1	447
	2	2	81	1	86
	-1	3	626	1	450
	3	1	139	1	450
	2	2	83	1	608
	3	1	1183	1	453
	3	1	1157	1	453
	2	2	85	1	675
	3	1	154	1	456
	2	2	87	1	80
	3	1	58	1	458
	3	1	990	1	266
	2	3	91	1	280
	3	1	248	1	461
	3	1	191	1	461
	3	1	1163	1	461
	2	2	94	1	77
	3	1	7	1	465
	3	1	1186	1	465
	2	2	96	1	534
	3	1	3	1	468
	-1	2	661	1	468
	2	2	98	1	538
	3	1	5	1	471
	2	2	100	1	595
	3	1	3	1	473
	-1	2	663	1	473
	2	2	102	1	280
	-1	2	669	1	476
	3	1	1133	1	476
	2	2	104	1	86
	3	1	4	1	479
	2	3	106	1	869
	3	1	996	1	481
	3	1	1030	1	481
	-1	2	673	1	481
	2	3	109	1	859
	3	1	12	1	485
	1	2	369	1	485
	3	1	1126	1	485
	2	2	112	1	83
	3	1	12	1	489
	1	2	373	1	489
	2	2	114	1	1115
	3	1	12	1	492
	-1	3	677	1	492
	2	2	116	1	65
	3	1	1067	1	495
	-1	2	648	1	495
	2	2	118	1	89
	-1	2	682	1	498
	3	1	1133	1	498
	2	2	120	1	649
	3	1	7	1	501
	1	3	377	1	501
	2	2	122	1	77
	3	1	9	1	504
	1	2	380	1	504
	2	2	124	1	549
	3	1	1186	1	507
	2	2	126	1	549
	3	1	1074	1	509
	3	1	255	1	509
	2	2	128	1	551
	3	1	9	1	512
	3	1	1074	1	512
	2	3	130	1	858
	3	1	100	1	515
	1	2	393	1	515
	3	1	1179	1	515
	2	2	133	1	1193
	-1	2	543	1	519
	-1	3	701	1	519
	2	2	135	1	624
	3	1	265	1	522
	3	1	1179	1	522
	2	3	137	1	860
	-1	2	706	1	525
	-2	2	782	1	525
	3	1	1152	1	525
	2	2	140	1	89
	3	1	267	1	529
	3	1	1172	1	529
	2	2	142	1	582
	3	1	7	1	532
	1	2	395	1	532
	2	3	144	1	94
	3	1	3	1	535
	3	1	353	1	535
	1	3	397	1	535
	2	2	147	1	94
	3	1	98	1	539
	-1	3	713	1	539
	2	2	149	1	28
	-1	2	718	1	542
	3	1	58	1	542
	2	2	151	1	567
	3	1	109	1	545
	2	2	153	1	572
	3	1	113	1	547
	1	2	408	1	547
	2	2	155	1	572
	1	2	410	1	550
	3	1	1183	1	550
	2	2	157	1	858
	3	1	100	1	553
	3	1	1193	1	553
	2	2	159	1	858
	3	1	3	1	556
	-1	3	730	1	556
	2	2	161	1	859
	3	1	1	1	559
	2	2	163	1	56
	3	1	1195	1	561
	2	2	165	1	59
	-1	2	733	1	563
	-1	2	557	1	563
	2	2	167	1	1115
	1	2	416	1	566
	3	1	932	1	566
	2	3	169	1	860
	3	1	3	1	569
	3	1	109	1	569
	1	2	418	1	569
	2	2	172	1	633
	-1	3	687	1	573
	3	1	1204	1	573
	2	3	174	1	30
	-1	3	695	1	576
	3	1	1166	1	576
	3	1	1204	1	576
	2	3	177	1	24
	3	1	292	1	580
	1	2	414	1	580
	3	1	1166	1	580
	2	3	180	1	705
	3	1	14	1	584
	3	1	292	1	584
	2	3	183	1	20
	3	1	885	1	587
	3	1	147	1	587
	3	1	1210	1	587
	2	3	186	1	22
	3	1	5	1	591
	3	1	1210	1	591
	2	2	189	1	24
	1	2	400	1	594
	3	1	1210	1	594
	2	3	191	1	30
	3	1	882	1	597
	3	1	1210	1	597
	2	3	194	1	18
	3	1	123	1	600
	3	1	1202	1	600
	2	2	197	1	694
	3	1	235	1	603
	3	1	308	1	603
	2	3	199	1	705
	3	1	102	1	606
	1	2	389	1	606
	3	1	308	1	606
	2	2	202	1	18
	3	1	1213	1	610
	2	3	204	1	20
	3	1	3	1	612
	-1	2	746	1	612
	3	1	1166	1	612
	2	3	207	1	56
	3	1	1	1	616
	-2	2	774	1	616
	3	1	1215	1	616
	2	2	210	1	32
	3	1	1220	1	620
	3	1	1193	1	620
	2	2	212	1	40
	1	2	412	1	623
	3	1	1220	1	623
	2	2	214	1	42
	1	2	433	1	626
	3	1	1220	1	626
	2	2	216	1	18
	3	1	1111	1	629
	3	1	1222	1	629
	2	2	218	1	22
	1	2	443	1	632
	3	1	1166	1	632
	2	2	220	1	20
	-1	2	657	1	635
	3	1	1225	1	635
	2	3	222	1	22
	3	1	6	1	638
	-1	3	684	1	638
	3	1	1225	1	638
	2	2	225	1	24
	3	1	1225	1	642
	2	3	227	1	80
	3	1	900	1	644
	3	1	160	1	644
	3	1	1225	1	644
	2	2	230	1	26
	1	2	406	1	648
	3	1	1225	1	648
	2	2	232	1	28
	3	1	1225	1	651
	2	3	234	1	30
	3	1	879	1	653
	3	1	143	1	653
	3	1	1225	1	653
	2	3	237	1	32
	3	1	3	1	657
	1	2	382	1	657
	3	1	1225	1	657
	2	3	240	1	38
	3	1	1	1	661
	-1	3	690	1	661
	3	1	1225	1	661
	2	3	243	1	705
	3	1	868	1	665
	1	2	431	1	665
	3	1	154	1	665
	2	2	246	1	698
	3	1	868	1	669
	3	1	1198	1	669
	2	3	248	1	702
	3	1	9	1	672
	3	1	868	1	672
	1	2	391	1	672
	2	3	251	1	698
	3	1	191	1	676
	3	1	330	1	676
	3	1	265	1	676
	2	2	254	1	702
	3	1	330	1	680
	3	1	1200	1	680
	2	2	256	1	871
	3	1	1121	1	683
	-1	2	522	1	683
	2	3	258	1	337
	3	1	67	1	686
	3	1	1227	1	686
	3	1	70	1	686
	2	2	261	1	707
	1	2	371	1	690
	3	1	1227	1	690
	2	2	263	1	705
	1	2	472	1	693
	3	1	255	1	693
	2	3	265	1	337
	3	1	123	1	696
	1	2	474	1	696
	3	1	154	1	696
	2	2	268	1	707
	3	1	123	1	700
	1	2	476	1	700
	2	2	270	1	38
	3	1	123	1	703
	1	4	480	1	703
	2	2	272	1	42
	1	2	486	1	706
	1	2	274	1	1016
	3	1	4	1	708
	3	1	6	1	708
	1	2	276	2	1133
	3	1	7	1	711
	3	1	46	1	711
	1	2	278	1	446
	3	1	6	1	714
	3	1	876	1	714
	1	2	280	1	451
	3	1	7	1	717
	3	1	885	1	717
	1	2	282	1	1011
	3	1	107	1	720
	3	1	873	1	720
	1	2	284	1	446
	3	1	5	1	723
	3	1	894	1	723
	3	1	2	1	354
	3	1	109	1	354
	1	2	288	1	988
	3	1	5	1	728
	3	1	111	1	728
	1	2	290	2	1178
	3	1	115	1	731
	3	1	49	1	731
	1	2	292	1	443
	3	1	12	1	734
	3	1	900	1	734
	1	2	294	1	996
	3	1	113	1	737
	3	1	117	1	737
	1	2	296	1	68
	3	1	7	1	740
	3	1	117	1	740
	1	2	298	1	1000
	3	1	115	1	743
	3	1	117	1	743
	1	2	300	1	423
	3	1	8	1	746
	3	1	903	1	746
	1	2	302	1	427
	3	1	111	1	749
	3	1	903	1	749
	1	2	304	1	1065
	3	1	10	1	752
	3	1	906	1	752
	1	2	306	1	440
	3	1	117	1	755
	3	1	119	1	755
	1	2	308	1	47
	3	1	10	1	758
	3	1	121	1	758
	1	2	310	1	50
	3	1	8	1	761
	3	1	121	1	761
	1	2	312	1	440
	3	1	11	1	764
	3	1	121	1	764
	1	2	314	1	443
	3	1	7	1	767
	1	2	316	1	1011
	3	1	98	1	769
	1	2	318	1	1016
	3	1	100	1	771
	3	1	139	1	771
	1	3	320	1	663
	3	1	98	1	774
	3	1	3	1	774
	1	2	323	1	640
	3	1	879	1	777
	3	1	143	1	777
	1	2	325	1	74
	3	1	100	1	780
	3	1	147	1	780
	1	2	327	1	451
	3	1	111	1	783
	3	1	932	1	783
	1	2	329	1	449
	3	1	102	1	786
	3	1	152	1	786
	1	2	331	1	451
	3	1	109	1	789
	3	1	152	1	789
	1	2	333	1	1085
	3	1	943	1	792
	1	3	335	1	1063
	3	1	8	1	794
	3	1	117	1	794
	3	1	946	1	794
	1	2	338	1	1034
	3	1	156	1	798
	3	1	117	1	798
	1	2	340	1	543
	3	1	909	1	801
	3	1	955	1	801
	1	2	342	1	50
	3	1	119	1	804
	3	1	165	1	804
	1	2	344	1	1074
	3	1	111	1	807
	3	1	968	1	807
	1	2	346	1	636
	3	1	102	1	810
	3	1	971	1	810
	1	2	348	1	541
	3	1	916	1	813
	3	1	932	1	813
	1	2	350	1	475
	3	1	111	1	816
	1	2	352	1	1057
	3	1	100	1	818
	3	1	353	1	818
	1	3	354	1	62
	3	1	7	1	821
	3	1	9	1	821
	3	1	990	1	821
	1	2	357	1	1063
	3	1	115	1	825
	3	1	990	1	825
	1	2	359	1	1065
	3	1	943	1	828
	3	1	214	1	828
	1	2	361	1	574
	3	1	6	1	831
	1	2	363	1	53
	3	1	235	1	833
	3	1	891	1	833
	1	2	365	1	577
	3	1	109	1	836
	1	2	367	1	53
	3	1	916	1	838
	1	2	375	1	1085
	3	1	248	1	840
	3	1	906	1	840
	1	2	384	1	541
	3	1	191	1	843
	3	1	1057	1	843
	1	3	386	1	1091
	3	1	1063	1	517
	1	2	404	1	62
	3	1	111	1	848
	1	3	420	1	614
	3	1	109	1	850
	3	1	143	1	850
	3	1	1105	1	850
	1	3	423	1	321
	3	1	2	1	854
	3	1	885	1	854
	3	1	1105	1	854
	1	3	426	2	1264
	1	2	429	1	1111
	1	2	435	3	1271
	1	2	437	1	614
	3	1	6	1	861
	1	2	439	1	321
	3	1	916	1	863
	1	2	441	1	91
	3	1	13	1	865
	3	1	1108	1	865
	1	2	445	3	1459
	1	2	450	1	36
	3	1	1121	1	869
	1	2	478	2	1286
	3	1	1036	1	871
	-1	2	494	2	1045
	3	1	1	1	873
	3	1	3	1	873
	-1	2	496	2	1047
	3	1	2	1	876
	3	1	4	1	876
	-1	2	498	2	1457
	3	1	1	1	879
	3	1	4	1	879
	-1	2	500	2	1421
	3	1	4	1	882
	3	1	5	1	882
	-1	2	502	3	1414
	3	1	3	1	885
	3	1	5	1	885
	-1	2	504	2	1061
	3	1	2	1	888
	3	1	5	1	888
	-1	2	506	3	1063
	3	1	3	1	891
	3	1	6	1	891
	-1	2	508	4	1066
	3	1	4	1	894
	3	1	6	1	894
	-1	2	510	3	1082
	3	1	5	1	897
	3	1	7	1	897
	-1	2	512	2	1452
	3	1	7	1	900
	3	1	10	1	900
	-1	2	514	4	1100
	3	1	9	1	903
	3	1	11	1	903
	-1	2	516	6	1104
	3	1	8	1	906
	3	1	11	1	906
	-1	2	518	2	1117
	3	1	10	1	909
	3	1	12	1	909
	3	1	9	1	437
	3	1	49	1	437
	3	1	9	1	685
	3	1	58	1	685
	-1	2	524	7	1135
	3	1	100	1	916
	3	1	4	1	916
	-1	2	526	2	1144
	3	1	3	1	919
	3	1	102	1	919
	-1	2	528	2	1299
	3	1	107	1	922
	3	1	6	1	922
	-1	2	530	2	1301
	3	1	5	1	925
	3	1	894	1	925
	-1	4	532	1	558
	3	1	4	1	928
	3	1	12	1	928
	-2	2	762	1	928
	-1	2	536	8	1160
	3	1	5	1	932
	3	1	109	1	932
	-1	3	538	2	1364
	3	1	111	1	935
	3	1	8	1	935
	3	1	46	1	935
	-1	2	541	3	1168
	3	1	107	1	939
	3	1	111	1	939
	3	1	111	1	520
	-1	2	545	4	1171
	3	1	113	1	943
	3	1	9	1	943
	-1	2	547	3	1175
	3	1	115	1	946
	3	1	11	1	946
	-1	2	549	2	1180
	3	1	8	1	949
	3	1	115	1	949
	-1	2	551	2	1182
	3	1	7	1	952
	3	1	117	1	952
	-1	2	553	2	1478
	3	1	8	1	955
	3	1	903	1	955
	-1	2	555	2	1184
	3	1	10	1	958
	3	1	119	1	958
	3	1	125	1	565
	3	1	52	1	565
	-1	3	559	2	1191
	3	1	4	1	963
	3	1	125	1	963
	-1	2	562	1	636
	3	1	1	1	966
	-1	2	564	2	1480
	3	1	107	1	968
	3	1	139	1	968
	-1	2	566	2	1482
	3	1	96	1	971
	3	1	143	1	971
	3	1	922	1	394
	3	1	882	1	394
	-1	2	570	2	1492
	3	1	100	1	976
	3	1	147	1	976
	3	1	916	1	398
	3	1	919	1	398
	3	1	925	1	398
	-1	2	575	3	1200
	3	1	152	1	982
	3	1	4	1	982
	-1	2	577	3	1336
	3	1	102	1	985
	3	1	152	1	985
	-1	2	579	2	1205
	3	1	109	1	988
	-1	2	581	5	1207
	3	1	117	1	990
	3	1	1160	1	990
	3	1	946	1	410
	3	1	731	1	410
	3	1	952	1	68
	-1	2	587	2	1212
	3	1	156	1	996
	3	1	955	1	423
	3	1	949	1	427
	-1	3	593	1	36
	3	1	160	1	1000
	3	1	58	1	1000
	-1	2	596	2	1220
	3	1	165	1	1003
	3	1	9	1	1003
	-1	3	598	2	1496
	3	1	11	1	1006
	3	1	165	1	1006
	3	1	1157	1	1006
	3	1	119	1	47
	-1	2	607	1	1050
	-1	2	609	1	1052
	-1	3	611	1	1100
	3	1	3	1	1013
	3	1	111	1	1013
	-1	3	614	1	1054
	3	1	976	1	1016
	3	1	976	1	74
	-1	2	619	3	1222
	3	1	3	1	1019
	3	1	191	1	1019
	3	1	353	1	446
	3	1	939	1	449
	-1	2	629	1	477
	3	1	1172	1	1024
	3	1	1139	1	1024
	-1	2	631	2	1225
	3	1	988	1	1027
	3	1	1146	1	1027
	-1	2	633	2	1227
	3	1	165	1	1030
	3	1	200	1	1030
	-1	2	635	1	484
	-1	3	637	1	494
	3	1	935	1	1034
	-1	2	640	2	1484
	3	1	8	1	1036
	3	1	214	1	1036
	-1	2	642	1	494
	3	1	1133	1	1039
	-1	2	646	2	1498
	3	1	214	1	1041
	3	1	1175	1	1041
	3	1	119	1	497
	3	1	1175	1	497
	-1	3	650	1	499
	3	1	109	1	1046
	3	1	111	1	1046
	3	1	1177	1	1046
	-1	2	653	1	640
	3	1	102	1	1050
	-1	2	655	1	577
	3	1	107	1	1052
	-1	2	659	1	663
	3	1	5	1	1054
	3	1	985	1	475
	-1	2	665	2	1229
	3	1	102	1	1057
	-1	2	667	2	1231
	3	1	98	1	1059
	3	1	235	1	1059
	3	1	1006	1	477
	-1	2	671	4	1233
	3	1	117	1	484
	-1	2	675	1	1081
	3	1	711	1	494
	-1	2	680	3	1237
	3	1	248	1	1067
	3	1	160	1	1067
	3	1	1006	1	499
	3	1	971	1	640
	3	1	985	1	574
	3	1	968	1	663
	-1	2	693	2	1385
	3	1	1059	1	1074
	3	1	1019	1	577
	3	1	1019	1	53
	3	1	12	1	521
	3	1	1063	1	521
	3	1	1157	1	521
	-1	2	704	1	543
	3	1	12	1	1081
	3	1	1067	1	526
	3	1	1041	1	526
	-1	3	708	3	1242
	3	1	1036	1	1085
	-1	2	711	1	558
	3	1	235	1	1087
	3	1	1189	1	1087
	3	1	1	1	541
	-1	2	716	1	1100
	3	1	2	1	1091
	-1	3	720	2	1247
	3	1	147	1	1093
	3	1	152	1	1093
	3	1	267	1	1093
	-1	2	723	2	1249
	3	1	1085	1	1097
	3	1	52	1	1097
	-1	3	725	2	1500
	3	1	1027	1	1100
	3	1	1093	1	558
	3	1	14	1	564
	3	1	1100	1	564
	-1	2	735	5	1253
	3	1	1100	1	1105
	3	1	1085	1	1105
	-1	2	737	3	1266
	3	1	858	1	1108
	3	1	1202	1	1108
	-1	3	739	2	1269
	3	1	2	1	1111
	3	1	3	1	1111
	-1	2	742	2	1277
	-2	4	847	1	1114
	-1	2	744	1	91
	3	1	860	1	1116
	3	1	1213	1	1116
	-1	2	750	2	1502
	3	1	1222	1	1119
	-1	2	752	2	1462
	3	1	7	1	1121
	3	1	1225	1	1121
	3	1	1119	1	91
	3	1	871	1	36
	-2	2	760	3	1291
	3	1	1	1	1126
	3	1	5	1	1126
	3	1	5	1	931
	3	1	6	1	931
	3	1	6	1	415
	3	1	8	1	415
	-2	2	766	3	1382
	3	1	8	1	1133
	3	1	9	1	1133
	-2	2	768	2	1119
	3	1	8	1	1136
	3	1	12	1	1136
	-2	2	770	2	1121
	3	1	11	1	1139
	3	1	12	1	1139
	3	1	96	1	194
	3	1	4	1	194
	3	1	98	1	618
	3	1	5	1	618
	-2	2	776	2	1329
	3	1	2	1	1146
	3	1	100	1	1146
	-2	2	778	2	1142
	3	1	2	1	1149
	3	1	102	1	1149
	-2	2	780	2	1158
	3	1	98	1	1152
	3	1	894	1	1152
	3	1	100	1	527
	3	1	897	1	527
	-2	2	784	3	1371
	3	1	109	1	1157
	3	1	897	1	1157
	-2	2	786	3	1311
	3	1	113	1	1160
	3	1	11	1	1160
	-2	2	788	2	1314
	3	1	7	1	1163
	3	1	906	1	1163
	-2	2	790	5	1186
	3	1	13	1	1166
	3	1	125	1	1166
	-2	2	792	3	1193
	3	1	111	1	1169
	3	1	916	1	1169
	-2	2	794	2	1395
	3	1	6	1	1172
	3	1	939	1	1172
	-2	2	796	2	1494
	3	1	9	1	1175
	-2	2	798	2	1362
	3	1	10	1	1177
	-2	3	800	2	1389
	3	1	6	1	1179
	3	1	121	1	1179
	3	1	982	1	1179
	-2	2	803	2	1369
	3	1	121	1	1183
	3	1	990	1	1183
	-2	2	805	2	1380
	3	1	11	1	1186
	3	1	1003	1	1186
	-2	2	809	2	1240
	3	1	109	1	1189
	3	1	1041	1	1189
	3	1	6	1	65
	-2	2	820	2	1407
	3	1	4	1	1193
	-2	2	824	2	1251
	3	1	13	1	1195
	3	1	1097	1	1195
	-2	2	830	2	1258
	3	1	5	1	1198
	-2	2	832	2	1260
	3	1	982	1	1200
	-2	2	834	2	1429
	3	1	14	1	1202
	-2	2	836	2	1409
	3	1	98	1	1204
	3	1	1105	1	1204
	-2	2	838	2	1262
	3	1	1105	1	1207
	3	1	888	1	1207
	-2	2	840	4	1417
	3	1	14	1	1210
	3	1	13	1	59
	-2	2	845	2	1435
	3	1	292	1	1213
	-2	2	851	2	1279
	3	1	123	1	1215
	3	1	1114	1	1215
	-2	2	853	2	1281
	3	1	125	1	1218
	-2	2	855	3	1437
	3	1	13	1	1220
	-2	3	857	2	1440
	3	1	123	1	1222
	3	1	14	1	1222
	-2	2	862	10	1442
	3	1	14	1	1225
	-2	2	864	2	1464
	3	1	1119	1	1227

1503
	340
	341
	343
	344
	346
	347
	349
	135
	351
	352
	354
	355
	357
	358
	360
	361
	362
	363
	364
	365
	367
	368
	370
	371
	372
	374
	375
	377
	378
	379
	173
	381
	175
	383
	385
	386
	388
	389
	391
	392
	394
	395
	397
	398
	400
	401
	403
	404
	406
	407
	408
	410
	411
	412
	414
	415
	416
	417
	419
	420
	422
	423
	424
	426
	427
	429
	430
	432
	433
	435
	436
	437
	439
	440
	442
	443
	445
	446
	448
	449
	451
	452
	454
	455
	457
	242
	459
	244
	246
	460
	462
	463
	464
	466
	467
	469
	470
	472
	252
	474
	475
	477
	478
	480
	253
	482
	483
	484
	486
	487
	488
	490
	491
	493
	494
	496
	497
	499
	500
	502
	503
	505
	506
	508
	259
	510
	511
	513
	514
	516
	517
	518
	520
	521
	523
	524
	526
	527
	528
	530
	531
	533
	534
	536
	537
	538
	540
	541
	543
	544
	546
	278
	548
	549
	551
	552
	554
	555
	557
	558
	560
	286
	250
	562
	564
	565
	567
	568
	570
	571
	572
	574
	575
	577
	578
	579
	581
	582
	583
	585
	586
	134
	588
	589
	590
	592
	73
	593
	595
	596
	598
	145
	599
	601
	304
	602
	604
	605
	607
	608
	609
	314
	611
	613
	614
	615
	617
	618
	619
	621
	622
	624
	625
	627
	628
	630
	631
	633
	634
	636
	637
	639
	640
	641
	131
	643
	645
	646
	647
	649
	650
	133
	652
	654
	655
	656
	658
	659
	660
	662
	663
	664
	666
	667
	668
	670
	671
	673
	674
	675
	677
	678
	679
	681
	682
	684
	685
	687
	688
	689
	691
	692
	694
	695
	697
	698
	699
	701
	702
	704
	705
	707
	171
	709
	710
	712
	713
	715
	716
	718
	719
	721
	722
	724
	725
	726
	727
	729
	730
	732
	733
	735
	736
	738
	739
	741
	742
	744
	745
	747
	748
	750
	751
	753
	754
	756
	757
	759
	760
	762
	763
	765
	766
	768
	127
	770
	137
	772
	773
	775
	776
	141
	778
	779
	781
	782
	784
	785
	787
	788
	790
	791
	793
	129
	795
	796
	797
	799
	800
	802
	803
	805
	806
	808
	809
	811
	812
	814
	815
	350
	817
	819
	820
	822
	823
	824
	826
	827
	829
	830
	832
	227
	834
	835
	402
	837
	839
	240
	413
	359
	418
	213
	369
	425
	841
	842
	373
	438
	431
	441
	339
	390
	444
	844
	845
	399
	396
	447
	453
	239
	456
	211
	428
	847
	468
	188
	471
	179
	195
	384
	473
	461
	476
	849
	261
	366
	501
	509
	507
	405
	512
	522
	348
	356
	532
	342
	545
	547
	550
	851
	852
	853
	855
	856
	857
	515
	556
	553
	485
	559
	296
	271
	281
	299
	569
	525
	862
	300
	864
	302
	866
	867
	322
	573
	327
	306
	600
	629
	610
	481
	870
	612
	587
	635
	222
	591
	638
	632
	580
	642
	594
	421
	648
	651
	542
	653
	597
	576
	220
	657
	620
	333
	603
	676
	669
	672
	680
	683
	872
	665
	693
	584
	606
	686
	696
	700
	690
	661
	703
	338
	623
	706
	626
	874
	875
	877
	878
	880
	881
	883
	884
	886
	887
	889
	890
	892
	893
	895
	896
	898
	899
	901
	902
	904
	905
	907
	908
	910
	911
	912
	913
	914
	915
	917
	918
	920
	921
	923
	924
	926
	927
	929
	930
	61
	931
	933
	934
	936
	937
	938
	940
	941
	942
	64
	944
	945
	947
	948
	950
	951
	953
	954
	956
	957
	959
	960
	961
	962
	964
	965
	132
	967
	136
	969
	970
	972
	973
	974
	975
	977
	978
	979
	980
	981
	983
	984
	986
	987
	728
	989
	991
	992
	993
	994
	740
	995
	737
	997
	746
	998
	749
	999
	743
	1001
	1002
	1004
	1005
	1007
	1008
	1009
	758
	1010
	755
	764
	734
	767
	769
	720
	182
	151
	185
	1014
	1015
	708
	771
	1017
	780
	1018
	1020
	1021
	714
	723
	1022
	786
	1023
	717
	783
	789
	1025
	1026
	1028
	1029
	1031
	1032
	206
	164
	798
	1035
	202
	1037
	1038
	216
	1040
	804
	761
	1042
	1043
	1044
	1045
	1047
	1048
	1049
	1051
	1011
	1053
	1012
	810
	966
	1055
	1016
	106
	231
	816
	1056
	818
	1058
	1060
	1061
	1024
	1062
	794
	825
	1064
	1033
	752
	828
	1034
	1066
	1039
	1068
	1069
	1046
	1070
	777
	1050
	1071
	831
	226
	1072
	774
	1073
	1054
	807
	1075
	836
	1076
	1052
	833
	838
	1077
	1078
	1079
	1080
	1082
	1065
	1083
	1084
	792
	840
	1086
	1088
	1089
	813
	843
	1090
	1092
	846
	801
	1081
	1094
	1095
	1096
	1098
	1099
	1091
	1013
	1101
	821
	848
	1102
	928
	1087
	1103
	1104
	1106
	1107
	1109
	1110
	1112
	1113
	859
	93
	1115
	1117
	1118
	850
	861
	854
	863
	310
	1120
	1122
	1123
	865
	1124
	1116
	1000
	869
	1125
	1127
	1128
	1129
	1130
	1131
	1132
	1134
	1135
	1137
	1138
	1140
	1141
	1142
	1143
	1144
	1145
	1147
	1148
	1150
	1151
	1153
	1154
	1155
	1156
	1158
	1159
	1161
	1162
	1164
	1165
	1167
	1168
	1170
	1171
	1173
	1174
	1176
	167
	1178
	169
	1180
	1181
	1182
	1184
	1185
	1187
	1188
	382
	393
	1190
	1191
	387
	450
	479
	376
	489
	495
	1192
	504
	465
	519
	1194
	529
	498
	1196
	1197
	535
	345
	380
	539
	1199
	282
	1201
	284
	1203
	288
	1205
	1206
	1208
	1209
	1211
	290
	563
	1212
	275
	1214
	218
	434
	409
	492
	566
	1216
	1217
	1219
	312
	1221
	316
	1223
	1224
	318
	616
	561
	1226
	323
	1228
	189
	644
	458
	334
	97
	445
	560
	617
	662
	874
	880
	967
	1090
	1127
	99
	230
	388
	392
	726
	855
	877
	889
	1092
	1112
	1147
	1150
	101
	469
	474
	536
	557
	570
	613
	658
	776
	875
	886
	892
	920
	1014
	1020
	1113
	103
	344
	480
	709
	878
	881
	883
	895
	918
	929
	964
	984
	1143
	1194
	105
	108
	472
	592
	724
	729
	884
	887
	890
	898
	926
	933
	1055
	1128
	1129
	1145
	1199
	110
	448
	639
	710
	715
	832
	862
	893
	896
	924
	1130
	1131
	1173
	1180
	1192
	112
	340
	377
	397
	466
	502
	533
	712
	718
	741
	768
	822
	899
	901
	953
	1122
	1164
	114
	371
	442
	747
	762
	795
	907
	937
	950
	956
	1037
	1132
	1134
	1137
	116
	360
	505
	513
	673
	823
	904
	912
	914
	945
	1005
	1135
	1176
	118
	217
	367
	411
	422
	753
	759
	902
	910
	959
	1178
	120
	765
	905
	908
	948
	1007
	1140
	1162
	1187
	122
	486
	490
	493
	735
	911
	930
	1078
	1082
	1138
	1141
	124
	866
	1167
	1196
	1212
	1221
	126
	585
	1103
	1203
	1211
	1224
	1226
	128
	130
	713
	938
	138
	722
	140
	716
	142
	349
	400
	414
	607
	787
	811
	921
	986
	1051
	1058
	1151
	144
	1209
	146
	357
	835
	148
	725
	927
	1154
	150
	546
	571
	727
	790
	837
	851
	934
	989
	1047
	1158
	1190
	153
	1156
	1159
	155
	346
	370
	730
	750
	784
	808
	817
	849
	936
	941
	942
	1015
	1048
	1170
	157
	748
	751
	957
	159
	161
	378
	754
	842
	1165
	163
	381
	757
	805
	960
	1010
	1044
	166
	802
	168
	412
	170
	1026
	172
	516
	554
	772
	781
	819
	917
	977
	1148
	1155
	174
	1066
	176
	403
	814
	839
	864
	979
	1171
	178
	408
	181
	980
	184
	655
	779
	852
	973
	187
	210
	361
	589
	782
	978
	1094
	190
	528
	192
	225
	352
	383
	385
	568
	785
	815
	197
	1023
	1174
	199
	432
	793
	829
	201
	797
	993
	203
	994
	205
	999
	208
	995
	215
	372
	219
	578
	583
	615
	634
	221
	223
	228
	386
	389
	233
	391
	972
	1142
	236
	1182
	1201
	238
	407
	241
	1028
	243
	460
	824
	827
	1185
	245
	482
	247
	430
	433
	830
	1038
	1042
	249
	1188
	251
	1076
	1077
	254
	1101
	256
	483
	258
	845
	260
	1075
	262
	264
	847
	1079
	268
	496
	1083
	270
	1089
	276
	1098
	1107
	283
	285
	287
	1102
	289
	1197
	291
	562
	293
	853
	857
	1206
	1208
	295
	671
	298
	682
	301
	303
	305
	1109
	307
	309
	867
	311
	630
	313
	315
	1117
	317
	605
	609
	319
	1217
	324
	619
	326
	329
	332
	678
	681
	335
	1125
	341
	733
	913
	343
	364
	488
	347
	548
	738
	944
	1161
	351
	974
	355
	981
	358
	788
	791
	983
	987
	1095
	362
	687
	363
	365
	992
	368
	464
	374
	406
	732
	744
	826
	947
	951
	375
	379
	806
	1004
	1008
	1031
	395
	1029
	401
	463
	677
	844
	1021
	404
	1056
	1072
	416
	1032
	417
	420
	419
	689
	424
	459
	544
	915
	1002
	426
	739
	742
	745
	756
	796
	800
	954
	991
	1064
	429
	439
	435
	1049
	436
	1035
	452
	773
	970
	454
	552
	455
	1009
	1080
	457
	668
	699
	462
	841
	1068
	467
	508
	478
	500
	1040
	510
	514
	511
	695
	518
	524
	523
	679
	530
	1096
	531
	1025
	537
	820
	1022
	540
	770
	775
	1060
	1144
	1153
	1205
	555
	622
	575
	579
	581
	586
	1214
	588
	719
	856
	590
	593
	596
	599
	598
	975
	601
	697
	701
	704
	1216
	1223
	602
	1110
	604
	834
	1061
	1088
	611
	1118
	621
	625
	628
	631
	1120
	637
	641
	643
	647
	650
	652
	656
	660
	664
	1123
	645
	736
	646
	1001
	1069
	654
	778
	666
	670
	674
	684
	870
	688
	692
	721
	923
	940
	969
	1053
	760
	763
	766
	1181
	1184
	799
	997
	803
	998
	809
	1073
	812
	1071
	872
	1086
	961
	965
	1168
	1219
	962
	1099
	1017
	1018
	1043
	1045
	1062
	1070
	1084
	1191
	1104
	1106
	1124
	1228

32
	1
	2
	3
	4
	5
	6
	7
	8
	9
	10
	11
	12
	13
	14
	34
	43
	46
	49
	52
	55
	58
	61
	64
	67
	70
	73
	76
	79
	82
	85
	88
	93

32
	16
	18
	20
	22
	24
	26
	28
	30
	32
	34
	36
	38
	40
	42
	44
	47
	50
	53
	56
	59
	62
	65
	68
	71
	74
	77
	80
	83
	86
	89
	91
	94
