
1270
	0	1	1	12	1115
	0	1	2	16	1127
	0	1	3	18	1143
	0	1	4	16	1161
	0	1	5	18	1179
	0	1	6	19	1197
	0	1	7	18	1216
	0	1	8	14	1234
	0	1	9	14	1248
	0	1	10	11	1262
	0	1	11	9	1273
	0	1	12	14	1282
	0	1	13	6	1296
	0	1	14	7	1302
	4	1	16	0	0
	1	4	540	1	15
	4	1	18	0	0
	1	4	544	1	17
	4	1	20	0	0
	1	3	548	1	19
	4	1	22	0	0
	1	3	551	1	21
	4	1	24	0	0
	-1	3	833	1	23
	4	1	26	0	0
	-3	1	79	1	25
	4	1	28	0	0
	1	2	536	1	27
	4	1	30	0	0
	1	2	538	1	29
	4	1	32	0	0
	1	2	523	1	31
	4	1	34	0	0
	1	2	525	1	33
	4	1	36	0	0
	1	2	527	1	35
	4	1	38	0	0
	1	2	529	1	37
	4	1	40	0	0
	0	1	15	1	39
	4	1	42	0	0
	1	3	531	1	41
	0	1	16	1	118
	-2	2	937	1	45
	4	1	44	0	0
	0	1	17	4	1061
	-1	2	808	1	48
	4	1	47	0	0
	0	1	18	3	1453
	-1	2	810	1	51
	4	1	50	0	0
	0	1	19	2	1644
	-1	3	812	1	54
	4	1	53	0	0
	0	1	20	1	125
	-2	2	939	1	57
	4	1	56	0	0
	0	1	21	5	1465
	-2	3	941	1	60
	4	1	59	0	0
	0	1	22	1	981
	-1	2	815	1	63
	4	1	62	0	0
	0	1	23	2	1538
	-2	2	944	1	66
	4	1	65	0	0
	0	1	24	2	1445
	-1	2	817	1	69
	4	1	68	0	0
	0	1	25	2	1556
	2	2	312	1	72
	4	1	71	0	0
	0	1	26	1	305
	-1	2	819	1	75
	4	1	74	0	0
	0	1	27	1	121
	-2	2	946	1	78
	4	1	77	0	0
	0	1	28	1	26
	-2	3	948	1	81
	4	1	80	0	0
	0	1	29	1	122
	-2	2	951	1	84
	4	1	83	0	0
	0	1	30	1	105
	-2	3	953	1	87
	4	1	86	0	0
	0	1	31	1	104
	-2	2	956	1	90
	4	1	89	0	0
	-1	3	821	1	92
	4	1	91	0	0
	0	1	32	1	1124
	-2	4	958	1	95
	4	1	94	0	0
	-3	1	97	6	1370
	3	1	875	1	96
	-3	1	99	6	1433
	3	1	883	1	98
	-3	1	101	3	1532
	3	1	889	1	100
	-3	1	103	3	1577
	3	1	895	1	102
	-3	1	88	1	563
	-3	1	85	1	525
	-3	1	107	2	1638
	3	1	906	1	106
	-3	1	109	6	1470
	3	1	909	1	108
	-3	1	111	7	1357
	3	1	915	1	110
	-3	1	113	4	1528
	3	1	922	1	112
	-3	1	115	2	1368
	3	1	925	1	114
	-3	1	117	1	467
	3	1	931	1	116
	-3	1	43	1	976
	-3	1	120	2	1571
	3	1	960	1	119
	-3	1	76	1	407
	-3	1	82	1	458
	-3	1	124	8	1319
	3	1	971	1	123
	-3	1	55	1	1119
	-3	1	127	1	420
	3	1	988	1	126
	-3	1	129	2	1393
	3	1	993	1	128
	-3	1	131	1	681
	3	1	996	1	130
	-3	1	133	1	284
	3	1	999	1	132
	-3	1	135	1	646
	3	1	683	1	134
	-3	1	137	2	1406
	3	1	1004	1	136
	-3	1	139	1	327
	3	1	1007	1	138
	-3	1	141	1	507
	3	1	1012	1	140
	-3	1	143	2	1558
	3	1	1018	1	142
	-3	1	145	1	377
	3	1	1021	1	144
	-3	1	147	2	1441
	3	1	1034	1	146
	-3	1	149	1	977
	3	1	686	1	148
	-3	1	151	1	571
	3	1	1043	1	150
	-3	1	153	2	1443
	3	1	1049	1	152
	-3	1	155	5	1507
	3	1	1112	1	154
	-3	1	157	3	1462
	3	1	1116	1	156
	-3	1	159	4	1456
	3	1	1126	1	158
	-3	1	161	1	750
	3	1	886	1	160
	-3	1	163	1	795
	3	1	46	1	162
	-3	1	165	1	16
	3	1	1119	1	164
	-3	1	167	1	80
	3	1	695	1	166
	-3	1	169	1	701
	3	1	1214	1	168
	-3	1	171	1	1147
	3	1	1188	1	170
	-3	1	173	1	855
	3	1	966	1	172
	-3	1	175	1	1212
	3	1	1266	1	174
	-3	1	177	1	1152
	3	1	1191	1	176
	-3	1	179	1	723
	3	1	46	1	178
	-3	1	181	1	18
	3	1	1119	1	180
	-3	1	183	1	736
	3	1	902	1	182
	-3	1	185	1	59
	3	1	1139	1	184
	-3	1	187	1	1145
	3	1	1172	1	186
	-3	1	189	1	762
	3	1	1115	1	188
	-3	1	191	1	1260
	3	1	1209	1	190
	-3	1	193	1	721
	3	1	1214	1	192
	-3	1	195	1	1201
	3	1	892	1	194
	-3	1	197	1	1203
	3	1	873	1	196
	-3	1	199	1	1181
	3	1	1175	1	198
	-3	1	201	1	1175
	3	1	1115	1	200
	-3	1	203	1	1177
	3	1	1203	1	202
	-3	1	205	1	728
	3	1	1236	1	204
	-3	1	207	1	1157
	3	1	1217	1	206
	-3	1	209	1	1196
	3	1	1124	1	208
	-3	1	211	1	1179
	3	1	1175	1	210
	-3	1	213	1	1199
	3	1	1149	1	212
	-3	1	215	4	1514
	3	1	1	1	214
	-3	1	217	7	1599
	3	1	2	1	216
	-3	1	219	11	1376
	3	1	3	1	218
	-3	1	221	14	1343
	3	1	4	1	220
	-3	1	223	1	1002
	3	1	1136	1	222
	-3	1	225	7	1606
	3	1	5	1	224
	-3	1	227	13	1418
	3	1	6	1	226
	-3	1	229	16	1478
	3	1	7	1	228
	-3	1	231	6	1410
	3	1	8	1	230
	-3	1	233	9	1397
	3	1	9	1	232
	-3	1	235	11	1494
	3	1	10	1	234
	-3	1	237	8	1591
	3	1	11	1	236
	-3	1	239	7	1619
	3	1	12	1	238
	-3	1	241	6	1546
	3	1	13	1	240
	-3	1	243	4	1654
	3	1	14	1	242
	-3	1	245	1	627
	3	1	873	1	244
	-3	1	247	1	621
	3	1	874	1	246
	2	2	1	3	1588
	1	2	406	1	248
	3	1	1062	1	248
	2	2	3	1	691
	3	1	960	1	251
	3	1	1028	1	251
	2	3	5	1	18
	3	1	3	1	254
	-1	2	647	1	254
	3	1	1149	1	254
	2	3	8	1	18
	3	1	957	1	258
	3	1	123	1	258
	3	1	1152	1	258
	2	2	11	1	18
	-1	2	665	1	262
	3	1	1147	1	262
	2	2	13	1	313
	3	1	6	1	265
	-1	2	649	1	265
	2	2	15	1	313
	-1	3	564	1	268
	3	1	1154	1	268
	2	2	17	1	682
	3	1	220	1	271
	3	1	110	1	271
	2	2	19	1	682
	3	1	7	1	274
	-1	3	630	1	274
	2	2	21	1	682
	3	1	6	1	277
	-1	2	676	1	277
	2	3	23	1	56
	3	1	1	1	280
	3	1	1185	1	280
	3	1	1188	1	280
	2	2	26	1	56
	3	1	1191	1	284
	2	2	28	1	59
	-1	2	746	1	286
	-1	2	748	1	286
	2	2	30	1	695
	3	1	985	1	289
	-1	2	737	1	289
	2	2	32	1	297
	3	1	114	1	292
	3	1	96	1	292
	2	3	34	1	874
	3	1	218	1	295
	1	2	335	1	295
	3	1	1220	1	295
	2	2	37	1	874
	3	1	3	1	299
	-1	3	670	1	299
	2	2	39	1	874
	3	1	218	1	302
	3	1	1194	1	302
	2	3	41	1	20
	3	1	5	1	305
	3	1	1152	1	305
	2	3	44	1	20
	3	1	6	1	308
	-1	3	624	1	308
	3	1	1147	1	308
	2	2	47	1	20
	1	2	378	1	312
	3	1	1149	1	312
	2	2	49	1	1194
	-1	2	741	1	315
	-1	3	743	1	315
	2	2	51	1	65
	3	1	1018	1	318
	-1	2	763	1	318
	2	2	53	1	681
	3	1	2	1	321
	3	1	1203	1	321
	2	2	55	1	338
	3	1	1110	1	324
	3	1	128	1	324
	2	2	57	1	338
	3	1	1233	1	327
	2	3	59	1	340
	3	1	232	1	329
	3	1	136	1	329
	3	1	1239	1	329
	2	2	62	1	340
	3	1	9	1	333
	3	1	1110	1	333
	2	2	64	1	345
	3	1	230	1	336
	1	2	348	1	336
	2	2	66	1	345
	1	2	320	1	339
	3	1	1224	1	339
	2	3	68	1	873
	3	1	3	1	342
	3	1	226	1	342
	1	2	374	1	342
	2	3	71	1	873
	-1	2	637	1	346
	3	1	1206	1	346
	3	1	1217	1	346
	2	2	74	1	362
	3	1	3	1	350
	-1	2	601	1	350
	2	2	76	1	362
	3	1	123	1	353
	3	1	1185	1	353
	2	3	78	1	405
	3	1	2	1	356
	3	1	931	1	356
	3	1	98	1	356
	2	2	81	1	405
	3	1	7	1	360
	1	2	339	1	360
	2	4	83	1	375
	3	1	220	1	363
	3	1	1169	1	363
	3	1	146	1	363
	3	1	152	1	363
	2	4	87	1	375
	3	1	9	1	368
	3	1	123	1	368
	3	1	67	1	368
	3	1	1163	1	368
	2	3	91	1	680
	3	1	12	1	373
	1	2	328	1	373
	3	1	1160	1	373
	2	2	94	1	680
	3	1	1	1	377
	2	2	96	1	1183
	-1	2	779	1	379
	3	1	1043	1	379
	2	2	98	1	390
	3	1	8	1	382
	-1	2	603	1	382
	2	2	100	1	390
	3	1	7	1	385
	3	1	49	1	385
	2	2	102	1	77
	3	1	9	1	388
	1	2	337	1	388
	2	2	104	1	77
	3	1	7	1	391
	3	1	1233	1	391
	2	2	106	1	693
	3	1	966	1	394
	3	1	915	1	394
	2	2	108	1	410
	3	1	915	1	397
	3	1	1236	1	397
	2	2	110	1	410
	3	1	3	1	400
	-1	2	635	1	400
	2	3	112	1	22
	3	1	158	1	403
	1	2	362	1	403
	3	1	1149	1	403
	2	2	115	1	22
	3	1	1147	1	407
	2	2	117	1	22
	1	2	352	1	409
	3	1	1152	1	409
	2	3	119	1	689
	3	1	988	1	412
	3	1	993	1	412
	-1	2	783	1	412
	2	3	122	1	80
	3	1	954	1	416
	3	1	156	1	416
	3	1	1147	1	416
	2	2	125	1	80
	3	1	58	1	420
	2	2	127	1	436
	3	1	232	1	422
	3	1	108	1	422
	2	2	129	1	436
	3	1	114	1	425
	-1	2	571	1	425
	2	2	131	1	436
	3	1	925	1	428
	3	1	96	1	428
	2	2	133	1	442
	3	1	10	1	431
	3	1	1242	1	431
	2	2	135	1	442
	3	1	7	1	434
	1	3	330	1	434
	2	3	137	1	28
	3	1	10	1	437
	-1	2	620	1	437
	3	1	58	1	437
	2	2	140	1	28
	1	2	358	1	441
	3	1	1147	1	441
	2	3	142	1	457
	3	1	228	1	444
	3	1	8	1	444
	3	1	875	1	444
	2	2	145	1	457
	3	1	234	1	448
	-1	2	607	1	448
	2	3	147	1	83
	3	1	7	1	451
	3	1	1116	1	451
	3	1	108	1	451
	2	2	150	1	83
	3	1	12	1	455
	1	2	343	1	455
	2	2	152	1	30
	3	1	1147	1	458
	2	2	154	1	30
	-1	2	655	1	460
	3	1	58	1	460
	2	3	156	1	16
	3	1	912	1	463
	3	1	154	1	463
	3	1	1147	1	463
	2	3	159	1	16
	3	1	935	1	467
	3	1	1152	1	467
	2	3	162	1	16
	-1	3	613	1	470
	3	1	1149	1	470
	3	1	1154	1	470
	2	3	165	1	483
	3	1	214	1	474
	3	1	2	1	474
	-1	2	581	1	474
	2	2	168	1	483
	3	1	1	1	478
	-1	3	798	1	478
	2	3	170	1	32
	3	1	3	1	481
	1	2	341	1	481
	3	1	1147	1	481
	2	2	173	1	32
	3	1	1145	1	485
	3	1	1194	1	485
	2	2	175	1	519
	3	1	12	1	488
	3	1	1181	1	488
	2	2	177	1	519
	3	1	5	1	491
	3	1	1248	1	491
	2	3	179	1	522
	3	1	4	1	494
	3	1	1177	1	494
	3	1	1206	1	494
	2	2	182	1	522
	3	1	112	1	498
	3	1	1172	1	498
	2	2	184	1	86
	3	1	2	1	501
	3	1	1236	1	501
	2	2	186	1	86
	-1	3	557	1	504
	3	1	100	1	504
	2	2	188	1	86
	3	1	4	1	507
	2	3	190	1	530
	3	1	9	1	509
	3	1	1224	1	509
	3	1	1230	1	509
	2	2	193	1	530
	3	1	136	1	513
	3	1	64	1	513
	2	4	195	1	538
	3	1	3	1	516
	3	1	681	1	516
	1	2	368	1	516
	3	1	1166	1	516
	2	3	199	1	538
	1	2	318	1	521
	3	1	128	1	521
	3	1	1169	1	521
	2	3	202	1	538
	3	1	14	1	525
	3	1	158	1	525
	2	3	205	1	538
	3	1	220	1	528
	1	2	316	1	528
	3	1	1172	1	528
	2	3	208	1	34
	3	1	1	1	532
	-1	3	598	1	532
	3	1	1147	1	532
	2	2	211	1	34
	3	1	240	1	536
	1	4	354	1	536
	2	3	213	1	552
	3	1	110	1	539
	3	1	1177	1	539
	3	1	1183	1	539
	2	2	216	1	552
	3	1	681	1	543
	3	1	1181	1	543
	2	3	218	1	566
	3	1	67	1	546
	3	1	1157	1	546
	3	1	70	1	546
	2	3	221	1	566
	3	1	240	1	550
	1	2	333	1	550
	3	1	1166	1	550
	2	2	224	1	89
	3	1	142	1	554
	3	1	1254	1	554
	2	2	226	1	89
	-1	2	562	1	557
	3	1	1251	1	557
	2	2	228	1	569
	3	1	1183	1	560
	3	1	1220	1	560
	2	2	230	1	569
	3	1	220	1	563
	2	2	232	1	36
	1	2	370	1	565
	3	1	1142	1	565
	2	2	234	1	36
	1	2	326	1	568
	3	1	1145	1	568
	2	3	236	1	586
	3	1	1166	1	571
	3	1	1245	1	571
	2	2	239	1	586
	3	1	123	1	574
	3	1	1262	1	574
	2	2	241	1	44
	3	1	119	1	577
	3	1	915	1	577
	2	2	243	1	44
	-1	2	583	1	580
	3	1	1257	1	580
	2	3	245	1	598
	3	1	9	1	583
	3	1	681	1	583
	1	2	360	1	583
	2	2	248	1	598
	3	1	1177	1	587
	3	1	1179	1	587
	2	2	250	1	600
	3	1	70	1	590
	3	1	152	1	590
	2	2	252	1	600
	3	1	1	1	593
	3	1	1262	1	593
	2	2	254	1	616
	3	1	240	1	596
	1	2	350	1	596
	2	2	256	1	616
	1	2	314	1	599
	3	1	1157	1	599
	2	3	258	1	611
	3	1	102	1	602
	3	1	110	1	602
	3	1	1242	1	602
	2	2	261	1	611
	-1	2	567	1	606
	3	1	1251	1	606
	2	2	263	1	619
	3	1	220	1	609
	1	2	322	1	609
	2	2	265	1	619
	3	1	12	1	612
	3	1	1179	1	612
	2	2	267	1	38
	1	2	364	1	615
	3	1	1142	1	615
	2	2	269	1	38
	1	2	324	1	618
	3	1	1145	1	618
	2	3	271	1	42
	3	1	240	1	621
	3	1	1201	1	621
	2	2	274	1	42
	3	1	1136	1	624
	3	1	1196	1	624
	2	2	276	1	42
	3	1	1199	1	627
	2	3	278	1	642
	3	1	5	1	629
	-1	2	633	1	629
	3	1	123	1	629
	2	2	281	1	642
	3	1	226	1	633
	3	1	1239	1	633
	2	2	283	1	642
	3	1	915	1	636
	3	1	1227	1	636
	2	3	285	1	94
	3	1	3	1	639
	3	1	248	1	639
	1	3	345	1	639
	2	2	288	1	94
	3	1	228	1	643
	3	1	230	1	643
	2	2	290	1	94
	3	1	236	1	646
	2	2	292	1	94
	3	1	216	1	648
	-1	3	673	1	648
	2	2	294	1	662
	3	1	218	1	651
	3	1	1227	1	651
	2	2	296	1	662
	3	1	224	1	654
	-1	2	653	1	654
	2	2	298	1	675
	3	1	1160	1	657
	3	1	4	1	657
	2	2	300	1	675
	3	1	226	1	660
	1	2	376	1	660
	2	3	302	1	1125
	3	1	1212	1	663
	3	1	940	1	663
	-1	2	639	1	663
	2	3	305	1	1125
	-1	2	663	1	667
	3	1	10	1	667
	3	1	1209	1	667
	2	2	308	1	1125
	3	1	12	1	671
	-1	3	667	1	671
	2	2	310	1	1125
	1	2	387	1	674
	3	1	915	1	674
	3	1	1160	1	71
	3	1	1163	1	71
	3	1	1115	1	297
	1	2	366	1	1136
	1	2	372	3	1540
	1	3	380	1	1087
	1	2	383	2	1020
	3	1	7	1	683
	3	1	46	1	683
	1	2	385	2	1037
	3	1	232	1	686
	3	1	49	1	686
	1	2	389	1	24
	3	1	985	1	689
	1	2	391	1	471
	3	1	226	1	691
	1	2	393	1	402
	3	1	228	1	693
	1	2	395	2	1067
	3	1	990	1	695
	1	3	397	1	256
	3	1	226	1	697
	3	1	154	1	697
	3	1	1126	1	697
	1	2	400	1	256
	3	1	6	1	701
	1	2	402	1	47
	3	1	10	1	703
	3	1	238	1	703
	1	2	404	1	1010
	3	1	218	1	706
	3	1	248	1	706
	3	1	2	1	249
	3	1	226	1	249
	1	2	408	1	50
	3	1	236	1	711
	3	1	108	1	711
	1	2	410	1	50
	3	1	8	1	714
	3	1	238	1	714
	1	3	412	1	267
	3	1	2	1	717
	3	1	957	1	717
	3	1	1126	1	717
	1	2	415	1	267
	3	1	960	1	721
	1	2	417	1	1139
	3	1	925	1	723
	1	2	419	1	1139
	3	1	102	1	725
	3	1	1116	1	725
	1	2	421	1	269
	3	1	6	1	728
	1	2	423	1	269
	3	1	119	1	730
	3	1	915	1	730
	1	2	425	1	53
	3	1	112	1	733
	3	1	931	1	733
	1	2	427	1	53
	3	1	960	1	736
	1	2	429	1	902
	3	1	5	1	738
	3	1	228	1	738
	1	2	431	1	279
	3	1	220	1	741
	3	1	98	1	741
	1	2	433	1	1089
	3	1	154	1	744
	3	1	6	1	744
	1	2	435	1	74
	3	1	218	1	747
	3	1	123	1	747
	1	2	437	1	930
	3	1	216	1	750
	1	2	439	1	930
	3	1	224	1	752
	3	1	886	1	752
	1	2	441	1	988
	3	1	230	1	755
	3	1	234	1	755
	1	3	443	1	62
	3	1	7	1	758
	3	1	9	1	758
	3	1	1043	1	758
	1	2	446	1	62
	3	1	228	1	762
	1	2	448	1	310
	3	1	912	1	764
	3	1	154	1	764
	1	3	450	1	1115
	3	1	8	1	767
	3	1	234	1	767
	3	1	1034	1	767
	1	2	453	1	1115
	3	1	232	1	771
	3	1	1043	1	771
	1	2	455	1	1101
	3	1	228	1	774
	3	1	1056	1	774
	1	2	457	1	1101
	3	1	226	1	777
	3	1	7	1	777
	1	2	459	1	352
	3	1	4	1	780
	3	1	5	1	780
	1	2	461	1	352
	3	1	2	1	783
	3	1	110	1	783
	1	2	463	1	1110
	3	1	228	1	786
	3	1	1037	1	786
	1	2	465	1	68
	3	1	7	1	789
	3	1	234	1	789
	1	2	467	1	384
	3	1	12	1	792
	3	1	954	1	792
	1	2	469	1	384
	3	1	7	1	795
	1	2	471	1	1065
	3	1	232	1	797
	3	1	234	1	797
	1	2	473	1	920
	3	1	238	1	800
	3	1	1059	1	800
	1	2	475	1	920
	3	1	236	1	803
	3	1	12	1	803
	1	2	477	1	427
	3	1	234	1	806
	3	1	236	1	806
	1	2	479	1	427
	3	1	11	1	809
	3	1	238	1	809
	1	2	481	1	439
	3	1	8	1	812
	3	1	906	1	812
	1	2	483	1	450
	3	1	228	1	815
	3	1	906	1	815
	1	2	485	1	953
	3	1	10	1	818
	3	1	1116	1	818
	1	2	487	1	953
	3	1	925	1	821
	3	1	96	1	821
	1	2	489	1	461
	3	1	909	1	824
	3	1	1031	1	824
	1	2	491	1	480
	3	1	6	1	827
	3	1	889	1	827
	1	2	493	1	480
	3	1	5	1	830
	3	1	971	1	830
	1	2	495	1	505
	3	1	7	1	833
	3	1	957	1	833
	1	2	497	1	505
	3	1	228	1	836
	3	1	915	1	836
	1	2	499	1	505
	3	1	226	1	839
	3	1	98	1	839
	1	2	501	1	904
	3	1	4	1	842
	3	1	6	1	842
	1	2	503	1	904
	3	1	218	1	845
	3	1	100	1	845
	1	3	505	1	534
	3	1	216	1	848
	3	1	3	1	848
	3	1	1040	1	848
	1	2	508	1	91
	3	1	13	1	852
	3	1	996	1	852
	1	3	510	1	650
	3	1	960	1	855
	3	1	915	1	855
	1	2	513	1	650
	3	1	110	1	858
	3	1	1010	1	858
	1	2	515	1	631
	3	1	214	1	861
	3	1	110	1	861
	1	2	517	1	977
	3	1	106	1	864
	3	1	234	1	864
	1	2	519	1	263
	3	1	220	1	867
	3	1	1015	1	867
	1	2	521	1	969
	3	1	236	1	870
	3	1	906	1	870
	1	2	534	3	1096
	1	3	554	2	1309
	-1	2	560	2	962
	3	1	10	1	875
	3	1	236	1	875
	-1	3	770	1	558
	3	1	1052	1	558
	3	1	1028	1	269
	-1	2	777	1	607
	3	1	1052	1	607
	-1	2	569	4	964
	3	1	5	1	883
	3	1	7	1	883
	-1	2	573	2	1059
	3	1	1	1	886
	3	1	3	1	886
	-1	2	575	2	968
	3	1	2	1	889
	3	1	4	1	889
	-1	2	577	2	1094
	3	1	1139	1	892
	3	1	52	1	892
	-1	2	579	2	970
	3	1	108	1	895
	3	1	9	1	895
	3	1	224	1	477
	3	1	1040	1	477
	3	1	966	1	581
	3	1	935	1	581
	-1	2	585	2	1080
	3	1	226	1	902
	-1	3	587	1	919
	3	1	1046	1	904
	-1	2	590	5	972
	3	1	9	1	906
	3	1	11	1	906
	-1	2	592	2	977
	3	1	10	1	909
	3	1	12	1	909
	-1	2	594	2	1505
	3	1	1	1	912
	3	1	4	1	912
	-1	2	596	9	979
	3	1	5	1	915
	3	1	226	1	915
	3	1	1037	1	534
	-1	2	761	1	534
	-1	2	605	1	415
	3	1	1059	1	450
	-1	2	609	3	988
	3	1	98	1	922
	3	1	4	1	922
	-1	2	611	4	991
	3	1	230	1	925
	3	1	9	1	925
	3	1	999	1	471
	-1	2	773	1	471
	-1	2	616	1	938
	-1	2	618	3	995
	3	1	3	1	931
	3	1	6	1	931
	3	1	1031	1	439
	-1	2	622	2	1512
	3	1	4	1	935
	3	1	5	1	935
	-1	2	781	1	310
	3	1	1015	1	310
	-1	3	627	2	1615
	3	1	228	1	940
	3	1	8	1	940
	3	1	46	1	940
	3	1	960	1	276
	3	1	1056	1	276
	3	1	1062	1	276
	3	1	2	1	631
	3	1	1028	1	402
	3	1	1018	1	347
	3	1	1025	1	347
	3	1	9	1	666
	3	1	49	1	666
	-1	2	641	1	965
	-1	2	643	2	1460
	3	1	7	1	954
	3	1	10	1	954
	-1	2	645	3	1316
	3	1	3	1	957
	3	1	5	1	957
	-1	2	651	7	998
	3	1	218	1	960
	3	1	4	1	960
	3	1	1	1	656
	3	1	1010	1	656
	-1	2	785	1	461
	-1	2	657	3	1073
	3	1	224	1	966
	3	1	6	1	966
	-1	2	659	1	979
	3	1	10	1	969
	-1	2	661	5	1005
	3	1	4	1	971
	3	1	6	1	971
	3	1	1034	1	668
	3	1	686	1	668
	-1	2	775	1	263
	-1	3	765	1	673
	3	1	683	1	673
	-1	2	768	1	673
	3	1	1021	1	301
	-1	4	750	1	301
	-1	2	754	1	301
	3	1	1	1	650
	3	1	1004	1	279
	-1	2	678	2	1366
	3	1	7	1	985
	3	1	1147	1	985
	-1	2	680	2	1010
	3	1	106	1	988
	-1	2	682	2	1617
	3	1	8	1	990
	3	1	96	1	990
	-1	2	684	2	1012
	3	1	108	1	993
	3	1	146	1	993
	-1	2	686	3	1014
	3	1	874	1	996
	3	1	1201	1	996
	-1	2	688	3	1017
	3	1	3	1	999
	3	1	110	1	999
	-1	2	690	2	1658
	3	1	1196	1	1002
	-1	2	692	3	1022
	3	1	224	1	1004
	3	1	228	1	1004
	-1	2	694	2	1025
	3	1	216	1	1007
	3	1	112	1	1007
	-1	2	696	2	1636
	3	1	220	1	1010
	-1	2	698	2	1027
	3	1	902	1	1012
	3	1	1257	1	1012
	-1	2	700	2	1640
	3	1	214	1	1015
	3	1	154	1	1015
	-1	2	702	3	1029
	3	1	102	1	1018
	3	1	156	1	1018
	-1	3	704	2	1032
	3	1	123	1	1021
	3	1	98	1	1021
	3	1	142	1	1021
	-1	2	707	2	1648
	3	1	96	1	1025
	3	1	1260	1	1025
	-1	2	709	3	1313
	3	1	220	1	1028
	3	1	98	1	1028
	-1	2	711	2	1632
	3	1	8	1	1031
	3	1	906	1	1031
	-1	2	713	3	1034
	3	1	232	1	1034
	3	1	11	1	1034
	-1	2	715	2	1628
	3	1	224	1	1037
	3	1	100	1	1037
	-1	2	717	2	1634
	3	1	220	1	1040
	3	1	6	1	1040
	-1	2	719	5	1039
	3	1	234	1	1043
	3	1	1163	1	1043
	-1	2	721	2	1646
	3	1	218	1	1046
	3	1	123	1	1046
	-1	2	723	2	1044
	3	1	7	1	1049
	3	1	234	1	1049
	-1	3	725	2	1642
	3	1	11	1	1052
	3	1	108	1	1052
	3	1	1230	1	1052
	-1	2	728	2	1626
	3	1	3	1	1056
	3	1	220	1	1056
	-1	2	730	2	1630
	3	1	8	1	1059
	3	1	232	1	1059
	-1	2	732	2	1311
	3	1	5	1	1062
	3	1	971	1	1062
	-1	3	734	1	24
	3	1	156	1	1065
	3	1	58	1	1065
	3	1	9	1	291
	3	1	58	1	291
	-1	2	739	1	91
	3	1	873	1	1070
	3	1	1199	1	1070
	3	1	228	1	316
	3	1	64	1	316
	3	1	12	1	317
	3	1	1115	1	317
	3	1	1230	1	317
	3	1	14	1	287
	3	1	1134	1	287
	3	1	242	1	288
	3	1	52	1	288
	3	1	4	1	981
	3	1	12	1	981
	3	1	1245	1	981
	3	1	112	1	982
	3	1	1248	1	982
	-1	2	756	1	1134
	3	1	2	1	1087
	-1	3	758	1	1134
	3	1	3	1	1089
	3	1	228	1	1089
	3	1	5	1	919
	3	1	236	1	320
	3	1	1260	1	320
	3	1	940	1	977
	3	1	1251	1	979
	3	1	226	1	878
	3	1	228	1	878
	3	1	1212	1	878
	3	1	224	1	929
	-1	3	801	1	929
	3	1	1	1	976
	3	1	1254	1	881
	3	1	1266	1	881
	3	1	230	1	380
	3	1	96	1	380
	3	1	220	1	938
	3	1	234	1	415
	3	1	12	1	965
	-1	2	787	2	1391
	3	1	1007	1	1110
	-1	2	789	2	1046
	3	1	2	1	1112
	3	1	5	1	1112
	-1	2	791	4	1088
	-1	2	793	6	1048
	3	1	8	1	1116
	3	1	11	1	1116
	-1	3	795	2	1065
	3	1	4	1	1119
	3	1	242	1	1119
	3	1	248	1	480
	3	1	971	1	1101
	-1	2	804	2	1108
	-2	4	933	1	1124
	-1	2	806	5	1054
	3	1	1134	1	1126
	3	1	1139	1	1126
	3	1	236	1	47
	3	1	999	1	53
	3	1	1049	1	68
	3	1	1046	1	74
	3	1	1002	1	91
	-1	3	824	2	1652
	3	1	1012	1	1134
	-1	3	827	2	1177
	3	1	2	1	1136
	3	1	3	1	1136
	-1	3	830	3	1082
	3	1	990	1	1139
	3	1	695	1	24
	-2	2	836	2	1565
	3	1	218	1	1142
	3	1	238	1	1142
	-2	2	838	3	1518
	3	1	13	1	1145
	-2	2	840	10	1331
	3	1	14	1	1147
	-2	2	842	5	1110
	3	1	13	1	1149
	3	1	242	1	1149
	-2	2	844	4	1327
	3	1	14	1	1152
	-2	2	846	2	1341
	3	1	216	1	1154
	3	1	1126	1	1154
	-2	3	848	2	1554
	3	1	232	1	1157
	3	1	1002	1	1157
	-2	2	851	3	1450
	3	1	1	1	1160
	3	1	5	1	1160
	-2	2	853	3	1447
	3	1	230	1	1163
	3	1	11	1	1163
	-2	2	855	3	1543
	3	1	220	1	1166
	3	1	228	1	1166
	-2	2	857	2	1439
	3	1	6	1	1169
	3	1	8	1	1169
	-2	2	859	3	1085
	3	1	3	1	1172
	3	1	996	1	1172
	-2	2	861	2	1099
	3	1	6	1	1175
	-2	2	863	3	1525
	3	1	2	1	1177
	-2	2	865	2	1575
	3	1	922	1	1179
	-2	2	867	2	1521
	3	1	5	1	1181
	-2	2	869	2	1552
	3	1	232	1	1183
	-2	2	871	2	1364
	3	1	216	1	1185
	3	1	5	1	1185
	-2	2	873	2	1071
	3	1	240	1	1188
	3	1	1124	1	1188
	-2	2	875	2	1078
	3	1	13	1	1191
	3	1	892	1	1191
	-2	2	877	2	1389
	3	1	4	1	1194
	-2	3	879	2	1582
	3	1	240	1	1196
	3	1	14	1	1196
	-2	2	882	2	1584
	3	1	158	1	1199
	-2	2	884	2	1580
	3	1	14	1	1201
	-2	3	886	2	1101
	3	1	242	1	1203
	3	1	158	1	1203
	-2	2	889	2	1431
	3	1	218	1	1206
	3	1	883	1	1206
	-2	2	891	2	1092
	3	1	8	1	1209
	3	1	12	1	1209
	-2	2	893	2	1613
	3	1	10	1	1212
	-2	2	895	2	1069
	3	1	1126	1	1214
	3	1	1112	1	1214
	-2	2	897	2	1106
	3	1	216	1	1217
	3	1	971	1	1217
	-2	3	899	2	1387
	3	1	6	1	1220
	3	1	238	1	1220
	3	1	922	1	1220
	-2	2	902	2	1416
	3	1	238	1	1224
	3	1	1043	1	1224
	-2	2	904	2	1586
	3	1	214	1	1227
	3	1	4	1	1227
	-2	2	906	3	1535
	3	1	226	1	1230
	3	1	883	1	1230
	-2	2	908	2	1395
	3	1	11	1	1233
	3	1	895	1	1233
	-2	2	910	3	1103
	3	1	228	1	1236
	3	1	960	1	1236
	-2	2	912	2	1408
	3	1	2	1	1239
	3	1	220	1	1239
	-2	2	914	2	1476
	3	1	7	1	1242
	3	1	1116	1	1242
	-2	2	916	2	1567
	3	1	5	1	1245
	3	1	6	1	1245
	-2	2	918	2	1523
	3	1	226	1	1248
	3	1	1025	1	1248
	-2	2	920	3	1562
	3	1	8	1	1251
	3	1	9	1	1251
	-2	2	922	2	1560
	3	1	6	1	1254
	3	1	1004	1	1254
	-2	2	924	2	1573
	3	1	2	1	1257
	3	1	218	1	1257
	-2	2	926	2	1650
	3	1	9	1	1260
	-2	3	928	2	1569
	3	1	234	1	1262
	3	1	1116	1	1262
	3	1	883	1	1262
	-2	2	931	2	1076
	3	1	11	1	1266
	3	1	12	1	1266
	3	1	13	1	59
	3	1	6	1	65

1659
	249
	250
	252
	253
	255
	256
	257
	259
	260
	261
	263
	264
	266
	267
	269
	270
	272
	273
	275
	276
	278
	279
	281
	282
	283
	132
	285
	287
	288
	290
	291
	293
	294
	296
	297
	298
	300
	301
	303
	304
	306
	73
	307
	309
	310
	311
	313
	314
	316
	317
	319
	320
	322
	323
	325
	326
	328
	138
	330
	331
	332
	334
	335
	337
	338
	340
	341
	343
	344
	345
	347
	348
	349
	351
	352
	354
	355
	357
	358
	359
	361
	362
	364
	365
	366
	367
	369
	370
	371
	372
	374
	375
	376
	378
	144
	380
	381
	383
	384
	386
	387
	389
	390
	392
	393
	395
	396
	398
	399
	401
	402
	404
	405
	406
	121
	408
	410
	411
	413
	414
	415
	417
	418
	419
	421
	126
	423
	424
	426
	427
	429
	430
	432
	433
	435
	436
	438
	439
	440
	442
	443
	445
	446
	447
	449
	450
	452
	453
	454
	456
	457
	122
	459
	461
	462
	464
	465
	466
	468
	116
	469
	471
	472
	473
	475
	476
	477
	479
	480
	482
	483
	484
	486
	487
	489
	490
	492
	493
	495
	496
	497
	499
	500
	502
	503
	505
	506
	508
	140
	510
	511
	512
	514
	515
	517
	518
	519
	520
	522
	523
	524
	526
	527
	105
	529
	530
	531
	533
	534
	535
	537
	538
	540
	541
	542
	544
	545
	547
	548
	549
	551
	552
	553
	555
	556
	558
	559
	561
	562
	564
	104
	566
	567
	569
	570
	572
	573
	150
	575
	576
	578
	579
	581
	582
	584
	585
	586
	588
	589
	591
	592
	594
	595
	597
	598
	600
	601
	603
	604
	605
	607
	608
	610
	611
	613
	614
	616
	617
	619
	620
	622
	246
	623
	625
	626
	244
	628
	630
	631
	632
	634
	635
	637
	638
	640
	641
	642
	644
	645
	134
	647
	649
	650
	652
	653
	655
	656
	658
	659
	661
	662
	664
	665
	666
	668
	669
	670
	672
	673
	675
	676
	677
	678
	590
	593
	509
	513
	494
	498
	329
	333
	602
	606
	609
	612
	560
	563
	363
	368
	422
	425
	428
	539
	543
	292
	679
	382
	385
	350
	353
	474
	478
	444
	448
	629
	633
	636
	324
	327
	583
	587
	397
	400
	516
	521
	525
	528
	431
	434
	571
	574
	356
	360
	596
	599
	373
	377
	488
	491
	546
	550
	321
	130
	336
	339
	651
	654
	265
	268
	271
	274
	277
	684
	685
	687
	688
	657
	660
	412
	690
	251
	692
	394
	694
	289
	696
	698
	699
	700
	702
	168
	704
	705
	707
	708
	709
	710
	712
	713
	715
	716
	718
	719
	720
	722
	192
	724
	178
	726
	727
	729
	204
	731
	732
	734
	735
	737
	182
	739
	740
	742
	743
	745
	746
	748
	749
	751
	160
	753
	754
	756
	757
	759
	760
	761
	763
	188
	765
	766
	768
	769
	770
	772
	773
	775
	776
	778
	779
	781
	782
	784
	785
	787
	788
	790
	791
	793
	794
	796
	162
	798
	799
	801
	802
	804
	805
	807
	808
	810
	811
	813
	814
	816
	817
	819
	820
	822
	823
	825
	826
	828
	829
	831
	832
	834
	835
	837
	838
	840
	841
	843
	844
	846
	847
	849
	850
	851
	853
	854
	172
	856
	857
	859
	860
	862
	863
	865
	866
	868
	869
	871
	872
	481
	485
	532
	536
	565
	568
	615
	618
	621
	624
	627
	342
	346
	437
	441
	458
	460
	463
	467
	470
	164
	254
	258
	262
	180
	305
	308
	312
	403
	407
	409
	295
	299
	302
	833
	836
	839
	876
	877
	878
	879
	728
	730
	880
	881
	882
	884
	885
	806
	809
	887
	888
	890
	891
	893
	894
	896
	897
	898
	899
	900
	901
	738
	903
	842
	845
	905
	907
	908
	910
	911
	913
	914
	916
	917
	848
	918
	919
	780
	783
	792
	795
	800
	803
	815
	921
	923
	924
	926
	927
	691
	928
	929
	750
	752
	932
	933
	812
	934
	936
	937
	764
	938
	939
	941
	942
	943
	944
	945
	946
	861
	947
	693
	948
	949
	950
	951
	952
	818
	821
	955
	956
	958
	959
	697
	701
	717
	721
	961
	962
	963
	964
	824
	965
	967
	968
	870
	970
	972
	973
	974
	975
	867
	976
	977
	978
	979
	980
	981
	982
	855
	858
	983
	741
	984
	986
	987
	755
	989
	991
	992
	994
	995
	997
	998
	1000
	1001
	222
	1003
	1005
	1006
	1008
	1009
	706
	1011
	1013
	1014
	1016
	1017
	1019
	1020
	1022
	1023
	1024
	1026
	1027
	1029
	1030
	1032
	1033
	1035
	1036
	1038
	1039
	1041
	1042
	1044
	1045
	1047
	1048
	1050
	1051
	1053
	1054
	1055
	1057
	1058
	1060
	1061
	1063
	1064
	797
	1066
	1067
	1068
	1069
	1071
	1072
	1073
	1074
	1075
	1076
	1077
	1078
	1079
	1080
	1081
	1082
	1083
	61
	1084
	1085
	1086
	1088
	682
	744
	1090
	1091
	1092
	904
	1093
	1094
	864
	1095
	148
	969
	1096
	1097
	1098
	1099
	1100
	1101
	1102
	118
	1103
	1104
	1105
	1106
	1107
	930
	1108
	920
	1109
	953
	786
	1111
	1113
	1114
	767
	771
	1117
	1118
	1120
	1121
	125
	827
	830
	1122
	774
	777
	1123
	93
	1125
	1127
	1128
	703
	1129
	711
	714
	733
	736
	1130
	758
	762
	789
	1131
	747
	1132
	852
	1133
	1070
	1087
	1089
	1135
	1137
	1138
	680
	723
	725
	1140
	1065
	689
	1141
	1143
	1144
	1146
	186
	1148
	170
	1150
	1151
	1153
	176
	1155
	1156
	1158
	1159
	206
	1161
	1162
	1164
	1165
	1167
	1168
	1170
	1171
	1173
	1174
	1176
	200
	1178
	202
	1180
	210
	1182
	198
	379
	1184
	1186
	1187
	1189
	1190
	1192
	1193
	315
	1195
	1197
	1198
	208
	1200
	212
	1202
	194
	1204
	196
	1205
	1207
	1208
	1210
	1211
	1213
	174
	1215
	1216
	1218
	1219
	1221
	1222
	1223
	1225
	1226
	1228
	1229
	1231
	1232
	1234
	1235
	1237
	1238
	1240
	1241
	1243
	1244
	1246
	1247
	1249
	1250
	1252
	1253
	1255
	1256
	1258
	1259
	1261
	190
	1263
	1264
	1265
	1267
	1268
	663
	667
	671
	674
	577
	580
	280
	284
	286
	1269
	184
	318
	1270
	388
	391
	416
	420
	166
	451
	455
	501
	504
	507
	554
	557
	639
	643
	646
	648
	97
	447
	99
	1208
	1232
	1265
	101
	829
	103
	1235
	107
	814
	817
	872
	1033
	109
	825
	111
	396
	398
	579
	637
	676
	732
	838
	857
	113
	1180
	1223
	115
	429
	724
	822
	117
	358
	735
	120
	252
	722
	737
	856
	944
	1238
	124
	832
	1064
	1123
	1219
	127
	413
	129
	414
	131
	854
	1174
	133
	928
	1130
	135
	978
	137
	984
	1256
	139
	1111
	141
	1135
	143
	319
	949
	145
	980
	147
	770
	974
	149
	975
	151
	381
	761
	773
	1226
	153
	1131
	155
	1216
	157
	453
	727
	820
	1244
	1264
	159
	700
	720
	1156
	1215
	161
	754
	163
	179
	685
	943
	165
	181
	167
	1141
	169
	193
	171
	283
	173
	395
	900
	175
	1104
	177
	285
	183
	1013
	185
	893
	1128
	187
	500
	531
	189
	201
	679
	1076
	191
	670
	195
	1193
	197
	245
	1071
	199
	211
	203
	323
	205
	399
	503
	207
	349
	209
	1190
	213
	257
	314
	406
	472
	215
	281
	378
	479
	533
	594
	887
	913
	963
	983
	1102
	1161
	217
	322
	357
	476
	502
	709
	718
	784
	890
	947
	1088
	1113
	1137
	1178
	1240
	1258
	219
	255
	300
	343
	351
	401
	482
	517
	640
	850
	888
	932
	958
	1000
	1057
	1090
	1138
	1173
	221
	495
	508
	659
	781
	843
	891
	914
	924
	936
	962
	972
	1082
	1120
	1195
	1229
	223
	625
	225
	306
	492
	630
	739
	782
	831
	884
	916
	937
	959
	1063
	1092
	1114
	1162
	1182
	1187
	1246
	227
	266
	278
	309
	702
	729
	746
	828
	844
	933
	968
	973
	1042
	1170
	1176
	1221
	1247
	1255
	1270
	229
	275
	361
	386
	392
	435
	452
	684
	759
	779
	790
	796
	834
	885
	955
	986
	1050
	1243
	231
	383
	446
	715
	768
	813
	942
	991
	1032
	1060
	1117
	1171
	1210
	1252
	233
	334
	369
	389
	510
	584
	760
	897
	907
	927
	951
	1068
	1253
	1261
	235
	432
	438
	669
	704
	819
	876
	910
	956
	970
	1213
	237
	810
	908
	1036
	1053
	1118
	1165
	1234
	1267
	239
	374
	456
	489
	613
	672
	793
	805
	911
	1075
	1083
	1109
	1211
	1268
	241
	853
	1146
	1150
	1192
	1269
	243
	526
	1078
	1148
	1153
	1198
	1202
	247
	997
	250
	946
	253
	880
	948
	259
	719
	835
	260
	354
	370
	575
	632
	749
	1022
	1048
	261
	307
	411
	469
	264
	311
	408
	419
	443
	459
	466
	484
	535
	987
	270
	473
	272
	364
	529
	564
	610
	742
	868
	1011
	1029
	1041
	1058
	1107
	1167
	1241
	273
	540
	604
	785
	859
	863
	1001
	282
	355
	290
	690
	293
	426
	294
	430
	823
	992
	1026
	1106
	296
	303
	652
	707
	748
	846
	961
	1047
	1143
	1207
	1259
	298
	562
	304
	487
	325
	335
	326
	523
	328
	393
	330
	423
	687
	772
	798
	1035
	1061
	1158
	1184
	331
	514
	332
	635
	337
	645
	756
	926
	1105
	1164
	341
	511
	344
	634
	661
	692
	698
	710
	778
	840
	903
	917
	1097
	1231
	1249
	348
	497
	359
	743
	841
	923
	1023
	1030
	365
	524
	366
	995
	367
	592
	371
	547
	372
	678
	1045
	376
	658
	677
	387
	688
	952
	404
	527
	1200
	1205
	417
	794
	418
	1020
	1066
	421
	440
	462
	1067
	1069
	424
	454
	713
	896
	994
	1054
	433
	605
	445
	644
	694
	740
	763
	775
	787
	816
	837
	941
	1006
	1073
	1091
	1098
	1168
	1237
	449
	757
	769
	791
	799
	807
	866
	1044
	1051
	1108
	1263
	464
	765
	465
	699
	745
	766
	1017
	468
	901
	475
	862
	1016
	1228
	486
	570
	620
	490
	545
	493
	1086
	496
	541
	588
	499
	734
	1009
	1085
	506
	847
	1039
	512
	1055
	1077
	515
	1074
	518
	544
	585
	520
	553
	572
	537
	551
	597
	622
	1189
	1197
	542
	561
	548
	601
	549
	591
	555
	1024
	556
	1103
	559
	608
	1096
	567
	617
	573
	1084
	576
	595
	578
	731
	582
	1014
	589
	614
	603
	726
	1019
	623
	998
	626
	1003
	628
	1072
	638
	653
	641
	708
	1122
	647
	712
	804
	808
	871
	877
	1093
	1129
	649
	751
	849
	1008
	1155
	1186
	1218
	655
	753
	898
	967
	1005
	1038
	1100
	664
	1099
	665
	1095
	696
	1140
	705
	716
	801
	811
	1144
	1222
	1225
	776
	945
	788
	918
	802
	921
	826
	934
	851
	899
	860
	964
	865
	989
	869
	939
	879
	882
	894
	1081
	905
	1132
	950
	1250
	1027
	1094
	1079
	1127
	1080
	1121
	1151
	1204
	1133
	1159

32
	1
	2
	3
	4
	5
	6
	7
	8
	9
	10
	11
	12
	13
	14
	40
	43
	46
	49
	52
	55
	58
	61
	64
	67
	70
	73
	76
	79
	82
	85
	88
	93

32
	16
	18
	20
	22
	24
	26
	28
	30
	32
	34
	36
	38
	40
	42
	44
	47
	50
	53
	56
	59
	62
	65
	68
	71
	74
	77
	80
	83
	86
	89
	91
	94
