
1502
	0	1	1	1	517
	0	1	2	1	519
	0	1	3	1	521
	0	1	4	1	523
	0	1	5	1	525
	0	1	6	1	527
	0	1	7	1	507
	0	1	8	1	509
	0	1	9	1	511
	0	1	10	1	513
	0	1	11	1	493
	0	1	12	1	485
	0	1	13	1	515
	0	1	14	1	469
	0	1	15	1	504
	0	1	16	1	495
	0	1	17	1	530
	4	1	19	0	0
	-3	1	529	1	18
	4	1	21	0	0
	-3	1	532	1	20
	4	1	23	0	0
	2	2	385	1	22
	4	1	25	0	0
	2	2	395	1	24
	4	1	27	0	0
	-3	1	496	1	26
	0	1	18	1	1311
	-3	1	250	1	30
	4	1	29	0	0
	0	1	19	1	1411
	-3	1	252	1	33
	4	1	32	0	0
	0	1	20	1	256
	2	2	11	1	36
	4	1	35	0	0
	0	1	21	3	1216
	2	2	13	1	39
	4	1	38	0	0
	0	1	22	3	1222
	2	2	17	1	42
	4	1	41	0	0
	0	1	23	1	263
	2	2	21	1	45
	4	1	44	0	0
	0	1	24	3	1228
	2	2	23	1	48
	4	1	47	0	0
	0	1	25	1	268
	2	2	35	1	51
	4	1	50	0	0
	0	1	26	3	1248
	2	2	37	1	54
	4	1	53	0	0
	0	1	27	3	1254
	2	2	41	1	57
	4	1	56	0	0
	0	1	28	3	1260
	2	2	45	1	60
	4	1	59	0	0
	0	1	29	3	1266
	2	2	49	1	63
	4	1	62	0	0
	0	1	30	2	1048
	2	2	53	1	66
	4	1	65	0	0
	0	1	31	3	1045
	2	2	67	1	69
	4	1	68	0	0
	0	1	32	1	290
	2	2	71	1	72
	4	1	71	0	0
	0	1	33	3	1282
	2	2	73	1	75
	4	1	74	0	0
	0	1	34	5	1056
	2	2	77	1	78
	4	1	77	0	0
	0	1	35	1	299
	2	2	85	1	81
	4	1	80	0	0
	0	1	36	1	302
	2	2	87	1	84
	4	1	83	0	0
	0	1	37	3	1298
	2	2	89	1	87
	4	1	86	0	0
	0	1	38	6	1333
	2	2	109	1	90
	4	1	89	0	0
	0	1	39	6	1342
	2	2	113	1	93
	4	1	92	0	0
	0	1	40	6	1351
	2	2	117	1	96
	4	1	95	0	0
	0	1	41	6	1360
	2	2	121	1	99
	4	1	98	0	0
	0	1	42	5	1368
	2	2	127	1	102
	4	1	101	0	0
	0	1	43	4	1584
	2	2	147	1	105
	4	1	104	0	0
	0	1	44	4	1580
	2	2	151	1	108
	4	1	107	0	0
	0	1	45	4	1576
	2	2	155	1	111
	4	1	110	0	0
	0	1	46	3	1573
	2	2	159	1	114
	4	1	113	0	0
	0	1	47	3	1388
	2	2	175	1	117
	4	1	116	0	0
	0	1	48	3	1394
	2	2	179	1	120
	4	1	119	0	0
	0	1	49	3	1385
	2	2	183	1	123
	4	1	122	0	0
	0	1	50	4	1399
	2	2	194	1	126
	4	1	125	0	0
	0	1	51	3	1409
	2	2	198	1	129
	4	1	128	0	0
	0	1	52	3	1403
	2	2	202	1	132
	4	1	131	0	0
	0	1	53	3	1418
	2	2	210	1	135
	4	1	134	0	0
	0	1	54	3	1423
	2	2	214	1	138
	4	1	137	0	0
	0	1	55	4	1430
	2	2	218	1	141
	4	1	140	0	0
	0	1	56	3	1439
	2	2	228	1	144
	4	1	143	0	0
	0	1	57	3	1444
	2	2	232	1	147
	4	1	146	0	0
	0	1	58	4	1326
	2	2	236	1	150
	4	1	149	0	0
	0	1	59	2	1159
	2	2	250	1	153
	4	1	152	0	0
	0	1	60	2	1185
	2	2	252	1	156
	4	1	155	0	0
	0	1	61	2	1131
	2	2	256	1	159
	4	1	158	0	0
	0	1	62	2	1133
	2	2	258	1	162
	4	1	161	0	0
	0	1	63	5	1455
	2	2	265	1	165
	4	1	164	0	0
	0	1	64	5	1463
	2	2	269	1	168
	4	1	167	0	0
	0	1	65	5	1471
	2	2	273	1	171
	4	1	170	0	0
	0	1	66	4	1478
	2	2	277	1	174
	4	1	173	0	0
	0	1	67	4	1604
	2	2	293	1	177
	4	1	176	0	0
	0	1	68	4	1608
	2	2	295	1	180
	4	1	179	0	0
	0	1	69	4	1612
	2	2	297	1	183
	4	1	182	0	0
	0	1	70	6	1486
	2	2	299	1	186
	4	1	185	0	0
	0	1	71	6	1495
	2	2	303	1	189
	4	1	188	0	0
	0	1	72	6	1504
	2	2	307	1	192
	4	1	191	0	0
	0	1	73	6	1513
	2	2	311	1	195
	4	1	194	0	0
	0	1	74	5	1521
	2	2	315	1	198
	4	1	197	0	0
	0	1	75	4	1630
	2	2	327	1	201
	4	1	200	0	0
	0	1	76	4	1636
	2	2	329	1	204
	4	1	203	0	0
	0	1	77	4	1642
	2	2	331	1	207
	4	1	206	0	0
	0	1	78	4	1648
	2	2	333	1	210
	4	1	209	0	0
	0	1	79	3	1601
	2	2	337	1	213
	4	1	212	0	0
	0	1	80	2	1658
	2	2	345	1	216
	4	1	215	0	0
	0	1	81	2	1656
	2	2	347	1	219
	4	1	218	0	0
	0	1	82	1	1495
	2	2	365	1	222
	4	1	221	0	0
	0	1	83	3	1535
	2	2	367	1	225
	4	1	224	0	0
	0	1	84	3	1540
	2	2	371	1	228
	4	1	227	0	0
	0	1	85	3	1545
	2	2	375	1	231
	4	1	230	0	0
	0	1	86	2	1189
	1	2	655	1	234
	4	1	233	0	0
	0	1	87	2	1091
	1	2	659	1	237
	4	1	236	0	0
	0	1	88	1	287
	1	2	665	1	240
	4	1	239	0	0
	0	1	89	1	529
	2	2	387	1	243
	4	1	242	0	0
	0	1	90	2	1193
	2	2	389	1	246
	4	1	245	0	0
	0	1	91	1	532
	2	2	393	1	249
	4	1	248	0	0
	-3	1	251	1	29
	3	1	1312	1	250
	-3	1	253	1	32
	3	1	1412	1	252
	-3	1	255	1	35
	3	1	504	1	254
	-3	1	34	3	1236
	-3	1	258	1	38
	3	1	504	1	257
	-3	1	260	1	41
	3	1	504	1	259
	-3	1	262	1	44
	3	1	504	1	261
	-3	1	43	3	1242
	-3	1	265	1	47
	3	1	504	1	264
	-3	1	267	1	50
	3	1	504	1	266
	-3	1	49	3	1272
	-3	1	270	1	53
	3	1	504	1	269
	-3	1	272	1	56
	3	1	504	1	271
	-3	1	274	1	59
	3	1	504	1	273
	-3	1	276	1	62
	3	1	504	1	275
	-3	1	278	1	65
	3	1	504	1	277
	-3	1	280	1	68
	3	1	504	1	279
	-3	1	282	1	68
	3	1	67	1	281
	-3	1	284	4	1318
	3	1	64	1	283
	-3	1	286	1	612
	3	1	287	1	285
	-3	1	238	6	1050
	-3	1	289	1	71
	3	1	504	1	288
	-3	1	70	3	1292
	-3	1	292	1	74
	3	1	504	1	291
	-3	1	294	1	77
	3	1	504	1	293
	-3	1	296	1	643
	3	1	76	1	295
	-3	1	298	1	80
	3	1	504	1	297
	-3	1	79	3	1309
	-3	1	301	1	83
	3	1	504	1	300
	-3	1	82	3	1315
	-3	1	304	1	86
	3	1	504	1	303
	-3	1	306	1	89
	3	1	673	1	305
	-3	1	308	1	92
	3	1	673	1	307
	-3	1	310	1	95
	3	1	673	1	309
	-3	1	312	1	98
	3	1	673	1	311
	-3	1	314	1	101
	3	1	673	1	313
	-3	1	316	1	1276
	3	1	1301	1	315
	-3	1	318	1	104
	3	1	504	1	317
	-3	1	320	1	706
	3	1	1058	1	319
	-3	1	322	1	107
	3	1	504	1	321
	-3	1	324	1	709
	3	1	1058	1	323
	-3	1	326	1	110
	3	1	504	1	325
	-3	1	328	1	712
	3	1	1058	1	327
	-3	1	330	1	113
	3	1	504	1	329
	-3	1	332	1	715
	3	1	1058	1	331
	-3	1	334	1	724
	3	1	1081	1	333
	-3	1	336	1	818
	3	1	1081	1	335
	-3	1	338	1	727
	3	1	341	1	337
	-3	1	340	1	730
	3	1	341	1	339
	-3	1	342	9	1082
	3	1	235	1	341
	-3	1	344	1	821
	3	1	463	1	343
	-3	1	346	1	815
	3	1	1081	1	345
	-3	1	348	1	116
	3	1	1085	1	347
	-3	1	350	1	119
	3	1	1085	1	349
	-3	1	352	1	122
	3	1	1085	1	351
	-3	1	354	1	125
	3	1	1088	1	353
	-3	1	356	1	128
	3	1	1088	1	355
	-3	1	358	1	131
	3	1	1088	1	357
	-3	1	360	1	134
	3	1	1091	1	359
	-3	1	362	1	137
	3	1	1091	1	361
	-3	1	364	1	140
	3	1	504	1	363
	-3	1	366	1	143
	3	1	1094	1	365
	-3	1	368	1	146
	3	1	1094	1	367
	-3	1	370	1	149
	3	1	504	1	369
	-3	1	372	1	152
	3	1	504	1	371
	-3	1	374	1	155
	3	1	504	1	373
	-3	1	376	1	829
	3	1	157	1	375
	-3	1	378	1	158
	3	1	504	1	377
	-3	1	380	1	831
	3	1	160	1	379
	-3	1	382	1	161
	3	1	504	1	381
	-3	1	384	1	831
	3	1	1103	1	383
	-3	1	386	1	164
	3	1	1314	1	385
	-3	1	388	1	167
	3	1	1314	1	387
	-3	1	390	1	170
	3	1	1314	1	389
	-3	1	392	1	173
	3	1	1314	1	391
	-3	1	394	1	1314
	3	1	504	1	393
	-3	1	396	1	867
	3	1	1110	1	395
	-3	1	398	1	869
	3	1	1110	1	397
	-3	1	400	1	871
	3	1	1110	1	399
	-3	1	402	1	859
	3	1	407	1	401
	-3	1	404	1	862
	3	1	407	1	403
	-3	1	406	1	865
	3	1	407	1	405
	-3	1	408	7	1152
	3	1	151	1	407
	-3	1	410	1	185
	3	1	912	1	409
	-3	1	412	1	188
	3	1	912	1	411
	-3	1	414	1	191
	3	1	912	1	413
	-3	1	416	1	194
	3	1	912	1	415
	-3	1	418	1	197
	3	1	912	1	417
	-3	1	420	1	905
	3	1	1182	1	419
	-3	1	422	1	907
	3	1	1182	1	421
	-3	1	424	1	909
	3	1	1182	1	423
	-3	1	426	1	911
	3	1	1182	1	425
	-3	1	428	1	212
	3	1	912	1	427
	-3	1	430	1	916
	3	1	1491	1	429
	-3	1	432	5	1665
	3	1	1352	1	431
	-3	1	434	1	1177
	3	1	918	1	433
	-3	1	436	1	924
	3	1	1182	1	435
	-3	1	438	1	926
	3	1	1182	1	437
	-3	1	440	1	919
	3	1	154	1	439
	-3	1	442	5	1447
	3	1	1356	1	441
	-3	1	444	1	932
	3	1	463	1	443
	-3	1	446	1	920
	3	1	463	1	445
	-3	1	448	1	675
	3	1	463	1	447
	-3	1	450	1	914
	3	1	463	1	449
	-3	1	452	1	535
	3	1	463	1	451
	-3	1	454	1	538
	3	1	463	1	453
	-3	1	456	1	541
	3	1	463	1	455
	-3	1	458	1	544
	3	1	463	1	457
	-3	1	460	1	547
	3	1	463	1	459
	-3	1	462	1	929
	3	1	463	1	461
	-3	1	464	28	1093
	3	1	232	1	463
	-3	1	466	1	221
	3	1	504	1	465
	-3	1	468	2	1663
	3	1	470	1	467
	-3	1	14	1	470
	-3	1	469	2	1191
	-3	1	472	2	1531
	3	1	244	1	471
	-3	1	474	1	224
	3	1	504	1	473
	-3	1	476	1	954
	3	1	486	1	475
	-3	1	478	1	227
	3	1	504	1	477
	-3	1	480	1	957
	3	1	486	1	479
	-3	1	482	1	230
	3	1	504	1	481
	-3	1	484	1	960
	3	1	486	1	483
	-3	1	12	1	486
	-3	1	485	9	1195
	-3	1	488	1	961
	3	1	494	1	487
	-3	1	490	1	965
	3	1	494	1	489
	-3	1	492	1	968
	3	1	494	1	491
	-3	1	11	1	494
	-3	1	493	7	1204
	-3	1	16	2	1211
	-3	1	497	1	27
	3	1	495	1	496
	-3	1	499	1	242
	3	1	504	1	498
	-3	1	501	1	245
	3	1	504	1	500
	-3	1	503	1	248
	3	1	504	1	502
	-3	1	15	43	1002
	-3	1	506	4	1377
	3	1	495	1	505
	-3	1	7	1	508
	-3	1	507	2	1634
	-3	1	8	1	510
	-3	1	509	2	1640
	-3	1	9	1	512
	-3	1	511	2	1646
	-3	1	10	1	514
	-3	1	513	2	1652
	-3	1	13	1	516
	-3	1	515	1	706
	-3	1	1	1	518
	-3	1	517	2	1618
	-3	1	2	1	520
	-3	1	519	2	1622
	-3	1	3	1	522
	-3	1	521	2	1626
	-3	1	4	1	524
	-3	1	523	2	1616
	-3	1	5	1	526
	-3	1	525	2	1620
	-3	1	6	1	528
	-3	1	527	2	1624
	-3	1	241	1	19
	-3	1	17	1	531
	-3	1	530	1	831
	-3	1	247	1	21
	2	2	1	3	1550
	1	2	619	1	533
	1	2	621	1	533
	2	2	3	3	1553
	1	2	623	1	536
	1	2	625	1	536
	2	2	5	3	1558
	1	2	627	1	539
	1	2	629	1	539
	2	2	7	3	1563
	1	2	631	1	542
	1	2	633	1	542
	2	2	9	3	1568
	1	2	635	1	545
	1	2	637	1	545
	-1	2	683	1	35
	-2	2	808	1	38
	2	2	15	1	549
	3	1	562	1	550
	3	1	37	1	550
	-2	2	812	1	41
	2	2	19	1	553
	3	1	565	1	554
	3	1	40	1	554
	-1	2	687	1	44
	-2	2	816	1	47
	2	2	25	1	558
	3	1	571	1	559
	3	1	46	1	559
	2	2	27	3	1213
	3	1	1357	1	562
	3	1	256	1	562
	2	2	29	3	1219
	3	1	562	1	565
	3	1	37	1	565
	2	2	31	3	1239
	3	1	565	1	568
	3	1	40	1	568
	2	2	33	3	1225
	3	1	568	1	571
	3	1	263	1	571
	-1	2	691	1	50
	-2	2	820	1	53
	2	2	39	1	575
	3	1	592	1	576
	3	1	52	1	576
	-2	2	824	1	56
	2	2	43	1	579
	3	1	595	1	580
	3	1	55	1	580
	-2	2	828	1	59
	2	2	47	1	583
	3	1	598	1	584
	3	1	58	1	584
	-2	2	832	1	62
	2	2	51	1	587
	3	1	601	1	588
	3	1	61	1	588
	-1	2	695	1	65
	2	2	55	3	1245
	3	1	991	1	592
	3	1	268	1	592
	2	2	57	3	1251
	3	1	592	1	595
	3	1	52	1	595
	2	2	59	3	1257
	3	1	595	1	598
	3	1	55	1	598
	2	2	61	3	1263
	3	1	598	1	601
	3	1	58	1	601
	2	2	63	4	1275
	3	1	601	1	604
	3	1	61	1	604
	2	2	65	1	1000
	3	1	604	1	607
	3	1	64	1	607
	2	2	69	1	818
	1	2	407	1	610
	1	2	409	1	610
	-1	2	699	1	71
	-2	2	836	1	74
	2	2	75	1	614
	3	1	622	1	615
	3	1	73	1	615
	-2	2	840	1	77
	2	2	79	1	618
	3	1	625	1	619
	3	1	76	1	619
	2	2	81	3	1279
	3	1	1135	1	622
	3	1	290	1	622
	2	2	83	4	1285
	3	1	622	1	625
	3	1	73	1	625
	-1	2	703	1	80
	-1	2	707	1	83
	-2	2	844	1	86
	2	2	91	1	630
	3	1	637	1	631
	3	1	85	1	631
	2	2	93	3	1312
	3	1	997	1	634
	3	1	299	1	634
	2	2	95	3	1295
	3	1	634	1	637
	3	1	302	1	637
	2	2	97	1	723
	3	1	625	1	640
	3	1	76	1	640
	2	2	99	1	814
	3	1	625	1	643
	2	2	101	2	1529
	3	1	571	1	645
	3	1	46	1	645
	2	2	103	2	1533
	3	1	604	1	648
	3	1	283	1	648
	2	2	105	2	1538
	3	1	637	1	651
	3	1	85	1	651
	2	2	107	2	1543
	3	1	810	1	654
	3	1	148	1	654
	-2	2	848	1	89
	2	2	111	1	657
	3	1	1408	1	658
	3	1	88	1	658
	-2	2	852	1	92
	2	2	115	1	661
	3	1	680	1	662
	3	1	91	1	662
	-2	2	856	1	95
	2	2	119	1	665
	3	1	683	1	666
	3	1	94	1	666
	-2	2	860	1	98
	2	2	123	1	669
	3	1	686	1	670
	3	1	97	1	670
	2	2	125	5	1061
	1	2	611	1	673
	1	2	613	1	673
	-2	2	864	1	101
	2	2	129	1	676
	3	1	689	1	677
	3	1	100	1	677
	2	2	131	3	1339
	3	1	1408	1	680
	3	1	88	1	680
	2	2	133	3	1348
	3	1	680	1	683
	3	1	91	1	683
	2	2	135	3	1357
	3	1	683	1	686
	3	1	94	1	686
	2	2	137	2	1366
	3	1	686	1	689
	3	1	97	1	689
	2	2	139	1	697
	1	2	423	1	692
	3	1	1281	1	692
	2	2	141	1	700
	1	2	425	1	695
	1	2	427	1	695
	2	2	143	1	703
	1	2	429	1	698
	1	2	431	1	698
	2	2	145	1	1028
	1	2	433	1	701
	1	2	435	1	701
	2	2	149	1	104
	1	2	455	1	704
	1	2	457	1	704
	2	2	153	1	107
	1	2	459	1	707
	1	2	461	1	707
	2	2	157	1	110
	1	2	463	1	710
	1	2	465	1	710
	2	2	161	1	113
	1	2	469	1	713
	1	2	471	1	713
	2	2	163	1	1412
	3	1	1311	1	716
	3	1	505	1	716
	2	2	165	1	1411
	3	1	1312	1	719
	3	1	505	1	719
	2	2	167	4	1414
	1	2	477	1	722
	1	2	479	1	722
	2	2	169	1	1097
	1	2	485	1	725
	1	2	487	1	725
	2	2	171	1	820
	1	2	489	1	728
	1	2	491	1	728
	2	2	173	5	1434
	3	1	1138	1	731
	3	1	121	1	731
	-2	2	879	1	116
	2	2	177	1	734
	3	1	1138	1	735
	3	1	115	1	735
	-2	2	883	1	119
	2	2	181	1	738
	3	1	746	1	739
	3	1	118	1	739
	-2	2	887	1	122
	2	2	185	1	742
	3	1	749	1	743
	3	1	121	1	743
	2	2	187	3	1391
	3	1	1138	1	746
	3	1	115	1	746
	2	2	189	2	1397
	3	1	746	1	749
	3	1	118	1	749
	2	3	191	2	1588
	3	1	997	1	752
	3	1	124	1	752
	3	1	130	1	752
	-2	2	891	1	125
	2	2	196	1	756
	3	1	997	1	757
	3	1	124	1	757
	-2	2	895	1	128
	2	2	200	1	760
	3	1	768	1	761
	3	1	127	1	761
	-2	2	899	1	131
	2	2	204	1	764
	3	1	771	1	765
	3	1	130	1	765
	2	2	206	3	1406
	3	1	997	1	768
	3	1	124	1	768
	2	2	208	2	1412
	3	1	768	1	771
	3	1	127	1	771
	-2	2	903	1	134
	2	2	212	1	774
	3	1	722	1	775
	3	1	133	1	775
	-2	2	907	1	137
	2	2	216	1	778
	3	1	786	1	779
	3	1	136	1	779
	-2	2	911	1	140
	2	2	220	1	782
	3	1	789	1	783
	3	1	139	1	783
	2	2	222	2	1421
	3	1	722	1	786
	3	1	133	1	786
	2	2	224	4	1426
	3	1	722	1	789
	3	1	136	1	789
	2	2	226	2	1592
	3	1	789	1	792
	3	1	139	1	792
	-2	2	915	1	143
	2	2	230	1	795
	3	1	731	1	796
	3	1	142	1	796
	-2	2	919	1	146
	2	2	234	1	799
	3	1	807	1	800
	3	1	145	1	800
	-2	2	923	1	149
	2	2	238	1	803
	3	1	810	1	804
	3	1	148	1	804
	2	2	240	2	1442
	3	1	731	1	807
	3	1	142	1	807
	2	2	242	4	1322
	3	1	731	1	810
	3	1	145	1	810
	2	2	244	1	921
	1	2	499	1	813
	1	2	501	1	813
	2	2	246	5	1596
	1	2	481	1	816
	1	2	483	1	816
	2	2	248	1	1273
	1	2	493	1	819
	1	2	495	1	819
	1	2	513	1	152
	-2	2	927	1	155
	2	2	254	1	823
	3	1	441	1	824
	3	1	407	1	824
	1	2	515	1	158
	-2	2	931	1	161
	2	2	260	1	828
	3	1	441	1	829
	2	3	262	2	1594
	-2	2	935	1	164
	2	2	267	1	832
	3	1	1097	1	833
	3	1	163	1	833
	-2	2	939	1	167
	2	2	271	1	836
	3	1	848	1	837
	3	1	166	1	837
	-2	2	943	1	170
	2	2	275	1	840
	3	1	851	1	841
	3	1	169	1	841
	-2	2	947	1	173
	2	2	279	1	844
	3	1	854	1	845
	3	1	172	1	845
	2	2	281	3	1460
	3	1	1097	1	848
	3	1	163	1	848
	2	2	283	3	1468
	3	1	848	1	851
	3	1	166	1	851
	2	2	285	2	1476
	3	1	851	1	854
	3	1	169	1	854
	2	2	287	1	867
	1	2	533	1	857
	1	2	535	1	857
	2	2	289	1	869
	1	2	537	1	860
	1	2	539	1	860
	2	2	291	1	871
	1	2	541	1	863
	1	2	543	1	863
	1	2	519	1	176
	1	2	521	1	176
	1	2	523	1	179
	1	2	525	1	179
	1	2	529	1	182
	1	2	531	1	182
	-2	2	954	1	185
	2	2	301	1	872
	3	1	921	1	873
	3	1	184	1	873
	-2	2	958	1	188
	2	2	305	1	876
	3	1	892	1	877
	3	1	187	1	877
	-2	2	962	1	191
	2	2	309	1	880
	3	1	895	1	881
	3	1	190	1	881
	-2	2	966	1	194
	2	2	313	1	884
	3	1	898	1	885
	3	1	193	1	885
	-2	2	970	1	197
	2	2	317	1	888
	3	1	901	1	889
	3	1	196	1	889
	2	2	319	3	1492
	3	1	921	1	892
	3	1	184	1	892
	2	2	321	3	1501
	3	1	892	1	895
	3	1	187	1	895
	2	2	323	3	1510
	3	1	895	1	898
	3	1	190	1	898
	2	2	325	2	1519
	3	1	898	1	901
	3	1	193	1	901
	1	2	559	1	200
	1	2	561	1	200
	1	2	563	1	203
	1	2	565	1	203
	1	2	567	1	206
	1	2	569	1	206
	1	2	571	1	209
	1	2	573	1	209
	2	2	335	6	1161
	1	2	615	1	912
	1	2	617	1	912
	1	2	585	1	212
	2	2	339	1	915
	1	2	587	1	916
	2	2	341	2	1183
	1	2	607	1	918
	1	2	609	1	918
	2	2	343	4	1482
	3	1	1141	1	921
	1	2	593	1	215
	1	2	595	1	215
	1	2	599	1	218
	1	2	601	1	218
	2	2	349	1	1274
	1	2	639	1	927
	1	2	641	1	927
	2	2	351	2	1548
	1	2	603	1	930
	1	2	605	1	930
	2	2	353	1	969
	3	1	645	1	933
	3	1	471	1	933
	2	2	355	1	969
	3	1	648	1	936
	3	1	223	1	936
	2	2	357	1	969
	3	1	651	1	939
	3	1	226	1	939
	2	2	359	1	969
	3	1	654	1	942
	3	1	229	1	942
	2	2	361	1	1110
	3	1	232	1	945
	3	1	1314	1	945
	2	2	363	1	1182
	3	1	235	1	948
	3	1	1314	1	948
	3	1	470	1	221
	2	2	369	1	224
	1	2	643	1	952
	1	2	645	1	952
	2	2	373	1	227
	1	2	647	1	955
	1	2	649	1	955
	2	2	377	1	230
	1	2	651	1	958
	1	2	653	1	958
	2	2	379	1	1225
	1	2	657	1	961
	2	2	381	1	1229
	1	2	661	1	963
	1	2	663	1	963
	2	2	383	1	1234
	1	2	667	1	966
	1	2	669	1	966
	-2	4	990	1	23
	3	1	463	1	23
	-1	2	711	1	242
	-2	2	994	1	245
	2	2	391	1	972
	3	1	486	1	973
	3	1	229	1	973
	-2	2	980	1	248
	3	1	1314	1	25
	3	1	463	1	25
	1	2	397	1	548
	3	1	1357	1	979
	3	1	256	1	979
	1	2	399	1	557
	3	1	568	1	982
	3	1	263	1	982
	1	2	401	1	574
	3	1	991	1	985
	3	1	268	1	985
	1	2	403	1	591
	3	1	604	1	988
	3	1	283	1	988
	1	2	405	3	1269
	3	1	287	1	991
	3	1	645	1	991
	3	1	283	1	611
	3	1	287	1	611
	3	1	67	1	612
	1	2	411	8	1301
	3	1	287	1	997
	3	1	648	1	997
	1	2	413	1	815
	3	1	287	1	1000
	1	2	415	1	613
	3	1	1135	1	1002
	3	1	290	1	1002
	1	2	417	1	628
	3	1	997	1	1005
	3	1	299	1	1005
	1	2	419	1	629
	3	1	634	1	1008
	3	1	302	1	1008
	1	2	421	1	971
	3	1	930	1	1011
	-1	3	718	1	1011
	3	1	533	1	693
	3	1	88	1	693
	3	1	536	1	696
	3	1	91	1	696
	3	1	1283	1	697
	3	1	539	1	699
	3	1	94	1	699
	3	1	1285	1	700
	3	1	542	1	702
	3	1	97	1	702
	3	1	1287	1	703
	1	2	437	1	1357
	3	1	545	1	1025
	3	1	100	1	1025
	1	2	439	1	1357
	3	1	1289	1	1028
	1	2	441	1	1281
	3	1	88	1	1030
	3	1	533	1	1030
	1	2	443	1	1283
	3	1	91	1	1033
	3	1	536	1	1033
	1	2	445	1	1285
	3	1	94	1	1036
	3	1	539	1	1036
	1	2	447	1	1287
	3	1	97	1	1039
	3	1	542	1	1039
	1	2	449	1	1289
	3	1	100	1	1042
	3	1	545	1	1042
	1	4	451	1	1064
	3	1	112	1	1045
	3	1	109	1	1045
	3	1	106	1	1045
	3	1	103	1	1045
	3	1	103	1	705
	3	1	1058	1	705
	3	1	106	1	708
	3	1	1058	1	708
	3	1	103	1	709
	3	1	109	1	711
	3	1	1058	1	711
	3	1	106	1	712
	1	2	467	8	1068
	3	1	752	1	1058
	3	1	341	1	1058
	3	1	112	1	714
	3	1	1058	1	714
	3	1	109	1	715
	1	2	473	1	1311
	3	1	505	1	1064
	1	2	475	1	1312
	3	1	1306	1	1066
	3	1	505	1	1066
	3	1	1081	1	723
	3	1	997	1	724
	3	1	76	1	817
	3	1	1081	1	817
	3	1	654	1	726
	3	1	341	1	726
	3	1	792	1	727
	3	1	148	1	729
	3	1	341	1	729
	3	1	139	1	730
	3	1	463	1	820
	3	1	67	1	821
	1	2	497	6	1076
	3	1	831	1	1081
	3	1	463	1	1081
	3	1	1081	1	814
	1	2	503	3	1121
	3	1	504	1	1085
	3	1	731	1	1085
	1	2	505	3	1124
	3	1	504	1	1088
	3	1	752	1	1088
	1	2	507	2	1127
	3	1	504	1	1091
	3	1	789	1	1091
	1	2	509	2	1129
	3	1	504	1	1094
	3	1	810	1	1094
	1	2	511	3	1452
	3	1	463	1	1097
	3	1	816	1	822
	3	1	151	1	822
	3	1	441	1	827
	3	1	157	1	827
	1	2	517	2	1135
	3	1	211	1	1103
	3	1	1141	1	1103
	3	1	175	1	866
	3	1	1110	1	866
	3	1	178	1	868
	3	1	1110	1	868
	1	2	527	6	1146
	3	1	504	1	1110
	3	1	181	1	870
	3	1	1110	1	870
	3	1	524	1	858
	3	1	407	1	858
	3	1	518	1	859
	3	1	526	1	861
	3	1	407	1	861
	3	1	520	1	862
	3	1	528	1	864
	3	1	407	1	864
	3	1	522	1	865
	1	2	545	1	1316
	3	1	175	1	1123
	3	1	163	1	1123
	1	2	547	1	1318
	3	1	178	1	1126
	3	1	166	1	1126
	1	2	549	1	1320
	3	1	181	1	1129
	3	1	169	1	1129
	1	2	551	1	1322
	3	1	1467	1	1132
	3	1	172	1	1132
	1	2	553	3	1289
	3	1	341	1	1135
	3	1	651	1	1135
	1	2	555	4	1381
	3	1	341	1	1138
	3	1	792	1	1138
	1	2	557	3	1526
	-1	3	773	1	1141
	-1	2	776	1	1141
	3	1	199	1	904
	3	1	1182	1	904
	3	1	508	1	905
	3	1	202	1	906
	3	1	1182	1	906
	3	1	510	1	907
	3	1	205	1	908
	3	1	1182	1	908
	3	1	512	1	909
	3	1	208	1	910
	3	1	1182	1	910
	3	1	514	1	911
	1	2	575	1	1332
	3	1	199	1	1156
	3	1	184	1	1156
	1	2	577	1	1333
	3	1	202	1	1159
	3	1	187	1	1159
	1	2	579	1	1334
	3	1	205	1	1162
	3	1	190	1	1162
	1	2	581	1	1335
	3	1	208	1	1165
	3	1	193	1	1165
	1	2	583	1	1336
	3	1	1486	1	1168
	3	1	196	1	1168
	3	1	921	1	915
	3	1	211	1	917
	3	1	1491	1	917
	1	2	589	1	1352
	3	1	217	1	1174
	3	1	918	1	1174
	1	2	591	1	1352
	3	1	214	1	1177
	3	1	214	1	923
	3	1	1182	1	923
	3	1	494	1	924
	1	2	597	12	1167
	3	1	504	1	1182
	3	1	217	1	925
	3	1	1182	1	925
	3	1	486	1	926
	3	1	831	1	931
	3	1	463	1	931
	3	1	508	1	932
	3	1	463	1	919
	3	1	512	1	920
	3	1	1314	1	674
	3	1	463	1	674
	3	1	510	1	675
	3	1	1314	1	913
	3	1	463	1	913
	3	1	514	1	914
	-1	2	673	1	534
	3	1	463	1	534
	3	1	518	1	535
	-1	2	675	1	537
	3	1	463	1	537
	3	1	520	1	538
	-1	2	677	1	540
	3	1	463	1	540
	3	1	522	1	541
	-1	2	679	1	543
	3	1	463	1	543
	3	1	524	1	544
	-1	2	681	1	546
	3	1	463	1	546
	3	1	526	1	547
	3	1	1103	1	928
	3	1	463	1	928
	3	1	528	1	929
	3	1	223	1	953
	3	1	486	1	953
	3	1	471	1	954
	3	1	226	1	956
	3	1	486	1	956
	3	1	223	1	957
	3	1	229	1	959
	3	1	486	1	959
	3	1	226	1	960
	-2	2	984	1	233
	3	1	1239	1	233
	3	1	463	1	962
	3	1	494	1	962
	-2	2	986	1	236
	3	1	1239	1	236
	3	1	341	1	964
	3	1	494	1	964
	3	1	463	1	965
	-2	2	988	1	239
	3	1	1239	1	239
	3	1	287	1	967
	3	1	494	1	967
	3	1	341	1	968
	1	2	671	3	1660
	3	1	467	1	1239
	3	1	504	1	1239
	3	1	184	1	1198
	3	1	431	1	1198
	3	1	187	1	1201
	3	1	431	1	1201
	3	1	190	1	1204
	3	1	431	1	1204
	3	1	193	1	1207
	3	1	431	1	1207
	3	1	196	1	1210
	3	1	431	1	1210
	-1	2	685	1	548
	3	1	1357	1	1252
	3	1	256	1	1252
	-1	2	689	1	557
	3	1	568	1	1255
	3	1	263	1	1255
	-1	2	693	1	574
	3	1	991	1	1258
	3	1	268	1	1258
	-1	2	697	1	591
	3	1	604	1	1261
	3	1	283	1	1261
	-1	2	701	1	613
	3	1	1135	1	1264
	3	1	290	1	1264
	-1	2	705	1	628
	3	1	997	1	1267
	3	1	299	1	1267
	-1	2	709	1	629
	3	1	634	1	1270
	3	1	302	1	1270
	-1	2	721	1	971
	-1	2	713	1	1013
	3	1	816	1	1274
	-1	3	715	1	1013
	-1	2	745	1	1276
	3	1	816	1	1276
	3	1	1357	1	1013
	3	1	930	1	1273
	-1	2	723	2	1373
	-1	2	737	1	1281
	-1	2	725	2	1556
	-1	2	739	1	1283
	-1	2	727	2	1561
	-1	2	741	1	1285
	-1	2	729	2	1566
	-1	2	733	1	1287
	-1	2	731	2	1571
	-1	2	735	1	1289
	3	1	97	1	1288
	3	1	542	1	1288
	3	1	100	1	1290
	3	1	545	1	1290
	3	1	88	1	1282
	3	1	533	1	1282
	3	1	91	1	1284
	3	1	536	1	1284
	3	1	94	1	1286
	3	1	539	1	1286
	-1	2	743	2	1066
	-2	3	868	1	1301
	-2	2	871	1	1301
	3	1	1301	1	1277
	3	1	1357	1	1277
	-1	4	747	2	1590
	3	1	112	1	1306
	3	1	109	1	1306
	3	1	106	1	1306
	3	1	103	1	1306
	-1	2	751	2	1375
	-1	2	753	2	998
	3	1	1311	1	1312
	-1	2	755	9	1137
	3	1	1356	1	1314
	-1	2	757	1	1356
	-1	2	765	1	1316
	-1	2	759	1	1356
	-1	2	767	1	1318
	-1	2	761	1	1356
	-1	2	769	1	1320
	-1	2	763	1	1356
	-1	2	771	1	1322
	3	1	175	1	1317
	3	1	163	1	1317
	3	1	178	1	1319
	3	1	166	1	1319
	3	1	181	1	1321
	3	1	169	1	1321
	3	1	1467	1	1323
	3	1	172	1	1323
	-1	2	778	1	1142
	-1	2	780	1	1142
	-1	2	782	1	1142
	-1	2	784	1	1143
	-1	2	786	1	1143
	-1	2	788	1	1332
	-1	2	790	1	1333
	-1	2	792	1	1334
	-1	2	794	1	1335
	-1	2	796	1	1336
	3	1	199	1	1337
	3	1	184	1	1337
	3	1	202	1	1338
	3	1	187	1	1338
	3	1	205	1	1339
	3	1	190	1	1339
	3	1	208	1	1340
	3	1	193	1	1340
	3	1	1486	1	1341
	3	1	196	1	1341
	-1	2	798	2	1181
	-1	2	800	1	976
	3	1	816	1	1353
	3	1	211	1	1353
	-1	4	802	2	1187
	-1	2	806	5	1231
	-2	2	810	1	549
	3	1	562	1	1358
	3	1	37	1	1358
	-2	2	814	1	553
	3	1	565	1	1361
	3	1	40	1	1361
	-2	2	818	1	558
	3	1	571	1	1364
	3	1	46	1	1364
	-2	2	822	1	575
	3	1	592	1	1367
	3	1	52	1	1367
	-2	2	826	1	579
	3	1	595	1	1370
	3	1	55	1	1370
	-2	2	830	1	583
	3	1	598	1	1373
	3	1	58	1	1373
	-2	2	834	1	587
	3	1	601	1	1376
	3	1	61	1	1376
	-2	2	838	1	614
	3	1	622	1	1379
	3	1	73	1	1379
	-2	2	842	1	618
	3	1	625	1	1382
	3	1	76	1	1382
	-2	2	846	1	630
	3	1	637	1	1385
	3	1	85	1	1385
	-2	2	850	1	657
	3	1	1408	1	1388
	3	1	88	1	1388
	-2	2	854	1	661
	3	1	680	1	1391
	3	1	91	1	1391
	-2	2	858	1	665
	3	1	683	1	1394
	3	1	94	1	1394
	-2	2	862	1	669
	3	1	686	1	1397
	3	1	97	1	1397
	-2	2	866	1	676
	3	1	689	1	1400
	3	1	100	1	1400
	3	1	1289	1	1302
	3	1	1287	1	1302
	3	1	1285	1	1302
	3	1	1283	1	1303
	3	1	1281	1	1303
	-2	2	873	3	1330
	3	1	1306	1	1408
	3	1	1412	1	1408
	-2	2	875	1	1412
	-2	2	877	2	1000
	-2	2	881	1	734
	3	1	1138	1	1413
	3	1	115	1	1413
	-2	2	885	1	738
	3	1	746	1	1416
	3	1	118	1	1416
	-2	2	889	1	742
	3	1	749	1	1419
	3	1	121	1	1419
	-2	2	893	1	756
	3	1	997	1	1422
	3	1	124	1	1422
	-2	2	897	1	760
	3	1	768	1	1425
	3	1	127	1	1425
	-2	2	901	1	764
	3	1	771	1	1428
	3	1	130	1	1428
	-2	2	905	1	774
	3	1	722	1	1431
	3	1	133	1	1431
	-2	2	909	1	778
	3	1	786	1	1434
	3	1	136	1	1434
	-2	2	913	1	782
	3	1	789	1	1437
	3	1	139	1	1437
	-2	2	917	1	795
	3	1	731	1	1440
	3	1	142	1	1440
	-2	2	921	1	799
	3	1	807	1	1443
	3	1	145	1	1443
	-2	2	925	1	803
	3	1	810	1	1446
	3	1	148	1	1446
	-2	2	929	1	823
	3	1	441	1	1449
	3	1	154	1	1449
	-2	2	933	1	828
	3	1	441	1	1452
	3	1	160	1	1452
	-2	2	937	1	832
	3	1	1097	1	1455
	3	1	163	1	1455
	-2	2	941	1	836
	3	1	848	1	1458
	3	1	166	1	1458
	-2	2	945	1	840
	3	1	851	1	1461
	3	1	169	1	1461
	-2	2	949	1	844
	3	1	854	1	1464
	3	1	172	1	1464
	-2	3	951	2	1628
	3	1	175	1	1467
	3	1	178	1	1467
	3	1	181	1	1467
	-2	2	956	1	872
	3	1	921	1	1471
	3	1	184	1	1471
	-2	2	960	1	876
	3	1	892	1	1474
	3	1	187	1	1474
	-2	2	964	1	880
	3	1	895	1	1477
	3	1	190	1	1477
	-2	2	968	1	884
	3	1	898	1	1480
	3	1	193	1	1480
	-2	2	972	1	888
	3	1	901	1	1483
	3	1	196	1	1483
	-2	4	974	2	1654
	3	1	199	1	1486
	3	1	202	1	1486
	3	1	205	1	1486
	3	1	208	1	1486
	-2	2	978	2	1179
	3	1	816	1	1491
	3	1	1141	1	1491
	3	1	1352	1	976
	-2	2	982	3	1670
	3	1	467	1	1495
	3	1	1495	1	1225
	3	1	1495	1	1229
	3	1	1495	1	1234
	-2	2	996	1	972
	3	1	486	1	1500
	3	1	244	1	1500

1672
	534
	535
	537
	538
	540
	541
	543
	544
	546
	547
	548
	254
	549
	257
	551
	552
	553
	259
	555
	556
	557
	261
	558
	264
	560
	561
	563
	564
	566
	567
	569
	570
	572
	573
	574
	266
	575
	269
	577
	578
	579
	271
	581
	582
	583
	273
	585
	586
	587
	275
	589
	590
	591
	277
	593
	594
	596
	597
	599
	600
	602
	603
	605
	606
	608
	609
	281
	279
	611
	612
	613
	288
	614
	291
	616
	617
	618
	293
	620
	621
	623
	624
	626
	627
	628
	297
	629
	300
	630
	303
	632
	633
	635
	636
	638
	639
	641
	642
	295
	644
	646
	647
	649
	650
	652
	653
	655
	656
	657
	305
	659
	660
	661
	307
	663
	664
	665
	309
	667
	668
	669
	311
	671
	672
	674
	675
	676
	313
	678
	679
	681
	682
	684
	685
	687
	688
	690
	691
	693
	694
	696
	697
	699
	700
	702
	703
	704
	317
	705
	706
	707
	321
	708
	709
	710
	325
	711
	712
	713
	329
	714
	715
	717
	718
	720
	721
	723
	724
	726
	727
	729
	730
	732
	733
	734
	347
	736
	737
	738
	349
	740
	741
	742
	351
	744
	745
	747
	748
	750
	751
	753
	754
	755
	756
	353
	758
	759
	760
	355
	762
	763
	764
	357
	766
	767
	769
	770
	772
	773
	774
	359
	776
	777
	778
	361
	780
	781
	782
	363
	784
	785
	787
	788
	790
	791
	793
	794
	795
	365
	797
	798
	799
	367
	801
	802
	803
	369
	805
	806
	808
	809
	811
	812
	814
	815
	817
	818
	820
	821
	822
	371
	823
	373
	825
	826
	827
	377
	828
	381
	830
	375
	383
	379
	531
	832
	385
	834
	835
	836
	387
	838
	839
	840
	389
	842
	843
	844
	391
	846
	847
	849
	850
	852
	853
	855
	856
	858
	859
	861
	862
	864
	865
	866
	867
	868
	869
	870
	871
	872
	409
	874
	875
	876
	411
	878
	879
	880
	413
	882
	883
	884
	415
	886
	887
	888
	417
	890
	891
	893
	894
	896
	897
	899
	900
	902
	903
	904
	905
	906
	907
	908
	909
	910
	911
	913
	914
	915
	427
	917
	429
	919
	920
	813
	922
	923
	924
	925
	926
	928
	929
	931
	932
	934
	935
	937
	938
	940
	941
	943
	944
	946
	947
	949
	950
	951
	465
	952
	473
	953
	954
	955
	477
	956
	957
	958
	481
	959
	960
	962
	487
	964
	965
	967
	968
	969
	970
	971
	498
	972
	500
	974
	975
	976
	502
	977
	978
	980
	981
	983
	984
	986
	987
	989
	990
	992
	993
	994
	995
	996
	285
	998
	999
	1001
	607
	1003
	1004
	1006
	1007
	1009
	1010
	1012
	1013
	1014
	1015
	1016
	1017
	1018
	692
	1019
	1020
	1021
	695
	1022
	1023
	1024
	698
	1026
	1027
	1029
	701
	1031
	1032
	1034
	1035
	1037
	1038
	1040
	1041
	1043
	1044
	1046
	1047
	1048
	1049
	1050
	1051
	516
	319
	1052
	1053
	1054
	323
	1055
	1056
	1057
	327
	1059
	1060
	1061
	1062
	1063
	331
	1045
	1065
	1067
	1068
	640
	1069
	1070
	333
	1071
	1072
	610
	335
	1073
	1074
	1075
	337
	1076
	1077
	1078
	339
	728
	1079
	1080
	343
	1082
	1083
	643
	1084
	1000
	345
	1086
	1087
	1089
	1090
	1092
	1093
	1095
	1096
	725
	1098
	1099
	1100
	1101
	1102
	1104
	1105
	1106
	1107
	857
	395
	1108
	1109
	860
	397
	945
	1111
	1112
	1113
	863
	399
	1114
	1115
	1116
	401
	1117
	1118
	1119
	403
	1120
	1121
	1122
	405
	1124
	1125
	1127
	1128
	1130
	1131
	1133
	1134
	1136
	1137
	1139
	1140
	1142
	1143
	1144
	1145
	1146
	419
	1147
	1148
	1149
	421
	1150
	1151
	1152
	423
	1153
	1154
	1155
	425
	1157
	1158
	1160
	1161
	1163
	1164
	1166
	1167
	1169
	1170
	916
	1171
	1172
	1173
	1175
	1176
	433
	1178
	1179
	1180
	1181
	435
	948
	1183
	1184
	1185
	1186
	437
	1187
	1188
	1189
	443
	439
	1190
	1191
	445
	1192
	1193
	1194
	447
	1195
	1196
	1197
	449
	1198
	1199
	1200
	451
	1201
	1202
	1203
	453
	1204
	1205
	1206
	455
	1207
	1208
	1209
	457
	1210
	1211
	1212
	459
	1213
	1214
	1215
	461
	1216
	1217
	1218
	475
	1219
	1220
	1221
	479
	1222
	1223
	1224
	483
	1225
	1226
	1227
	1228
	1229
	1230
	1231
	1232
	1233
	489
	1234
	1235
	1236
	1237
	1238
	491
	1240
	1241
	1242
	1243
	1244
	1245
	1246
	1247
	1248
	1249
	1250
	1251
	1252
	979
	1253
	1254
	1255
	982
	1256
	1257
	1258
	985
	1259
	1260
	1261
	988
	1262
	1263
	1264
	1002
	1265
	1266
	1267
	1005
	1268
	1269
	1270
	1008
	1271
	1272
	1273
	1011
	1275
	927
	315
	1277
	1278
	1279
	1276
	1274
	1280
	819
	1282
	1030
	1284
	1033
	1286
	1036
	1288
	1039
	1290
	1042
	1291
	1292
	1293
	1294
	1295
	1296
	1297
	1298
	1299
	1300
	1302
	1303
	1304
	1305
	1307
	1308
	1309
	1310
	1064
	28
	1066
	1313
	393
	1315
	1317
	1123
	1319
	1126
	1321
	1129
	1323
	1132
	1324
	1325
	1326
	1327
	1328
	1329
	1330
	1331
	1332
	1333
	1334
	1335
	1336
	1337
	1156
	1338
	1159
	1339
	1162
	1340
	1165
	1341
	1168
	1342
	1343
	1344
	1345
	1346
	1347
	1348
	1349
	1350
	1351
	1174
	1177
	1354
	1355
	1316
	1318
	1320
	1322
	1025
	1028
	1358
	550
	1359
	1360
	1361
	554
	1362
	1363
	1364
	559
	1365
	1366
	1367
	576
	1368
	1369
	1370
	580
	1371
	1372
	1373
	584
	1374
	1375
	1376
	588
	1377
	1378
	1379
	615
	1380
	1381
	1382
	619
	1383
	1384
	1385
	631
	1386
	1387
	1388
	658
	1389
	1390
	1391
	662
	1392
	1393
	1394
	666
	1395
	1396
	1397
	670
	1398
	1399
	1400
	677
	1401
	1402
	1403
	1404
	1405
	1406
	1407
	1409
	1410
	719
	31
	716
	1411
	1413
	735
	1414
	1415
	1416
	739
	1417
	1418
	1419
	743
	1420
	1421
	1422
	757
	1423
	1424
	1425
	761
	1426
	1427
	1428
	765
	1429
	1430
	1431
	775
	1432
	1433
	1434
	779
	1435
	1436
	1437
	783
	1438
	1439
	1440
	796
	1441
	1442
	1443
	800
	1444
	1445
	1446
	804
	1447
	1448
	824
	1449
	1450
	1451
	829
	1452
	1453
	1454
	1455
	833
	1456
	1457
	1458
	837
	1459
	1460
	1461
	841
	1462
	1463
	1464
	845
	1465
	1466
	1468
	1469
	1470
	1471
	873
	1472
	1473
	1474
	877
	1475
	1476
	1477
	881
	1478
	1479
	1480
	885
	1481
	1482
	1483
	889
	1484
	1485
	1487
	1488
	1489
	1490
	1492
	1493
	1353
	1494
	1496
	220
	961
	1497
	963
	1498
	966
	1499
	933
	936
	939
	942
	973
	1500
	1501
	1502
	251
	720
	253
	1410
	255
	258
	260
	262
	265
	267
	270
	272
	274
	276
	278
	280
	289
	292
	294
	298
	301
	304
	318
	322
	326
	330
	364
	370
	372
	374
	378
	382
	394
	466
	474
	478
	482
	499
	501
	503
	1086
	1089
	1092
	1095
	1111
	1183
	1241
	282
	996
	1080
	284
	609
	286
	992
	995
	998
	1001
	1236
	296
	621
	642
	1071
	1384
	306
	308
	310
	312
	314
	316
	1304
	320
	324
	328
	332
	1051
	1053
	1056
	1062
	334
	336
	346
	1069
	1072
	1084
	338
	340
	1060
	1074
	1077
	1136
	1139
	1231
	1238
	342
	949
	344
	444
	446
	448
	450
	452
	454
	456
	458
	460
	462
	970
	978
	1079
	1083
	1098
	1188
	1190
	1193
	1196
	1199
	1202
	1205
	1208
	1211
	1214
	1227
	1233
	348
	350
	352
	354
	356
	358
	360
	362
	366
	368
	376
	1102
	380
	1454
	384
	1213
	386
	388
	390
	392
	947
	950
	977
	1192
	1195
	396
	398
	400
	1107
	1109
	1113
	402
	404
	406
	826
	1115
	1118
	1121
	408
	1100
	410
	412
	414
	416
	418
	428
	420
	422
	424
	426
	436
	438
	1145
	1148
	1151
	1154
	1180
	1185
	430
	1173
	432
	1494
	434
	1176
	440
	1451
	442
	1315
	464
	946
	468
	951
	472
	1502
	476
	480
	484
	974
	1186
	1217
	1220
	1223
	1501
	488
	490
	492
	1181
	1228
	1232
	1237
	497
	506
	551
	566
	1359
	552
	567
	1360
	555
	569
	1362
	556
	570
	1363
	560
	646
	1365
	561
	647
	1366
	563
	980
	1253
	1279
	1305
	564
	981
	1254
	572
	983
	1256
	573
	984
	1257
	577
	596
	1368
	578
	597
	1369
	581
	599
	1371
	582
	600
	1372
	585
	602
	1374
	586
	603
	1375
	589
	605
	1377
	590
	606
	1378
	593
	986
	1259
	594
	987
	1260
	608
	649
	989
	1262
	616
	626
	1380
	617
	627
	1381
	620
	641
	644
	1383
	623
	1003
	1265
	624
	1004
	1266
	632
	652
	1386
	633
	653
	1387
	635
	753
	758
	769
	1006
	1070
	1268
	1423
	636
	1007
	1269
	638
	1009
	1271
	639
	1010
	1272
	650
	990
	994
	1263
	655
	805
	1096
	1447
	656
	806
	1076
	1448
	659
	681
	1389
	660
	682
	1015
	1031
	1295
	1390
	663
	684
	1392
	664
	685
	1017
	1034
	1297
	1393
	667
	687
	1395
	668
	688
	1020
	1037
	1299
	1396
	671
	690
	1398
	672
	691
	1023
	1040
	1291
	1399
	678
	1401
	679
	1027
	1043
	1293
	1402
	694
	1407
	717
	1313
	718
	721
	1065
	1068
	732
	736
	747
	1414
	733
	745
	1421
	737
	748
	1415
	740
	750
	1417
	741
	751
	1418
	744
	1420
	754
	759
	770
	1424
	755
	767
	1430
	762
	772
	1426
	763
	773
	1427
	766
	1429
	776
	787
	790
	1432
	777
	788
	1433
	780
	1435
	781
	791
	1436
	784
	793
	1093
	1438
	785
	794
	1078
	1439
	797
	808
	811
	1087
	1441
	798
	809
	1442
	801
	1444
	802
	812
	1445
	825
	830
	1101
	1450
	1453
	834
	849
	1456
	835
	850
	1125
	1325
	1457
	838
	852
	1459
	839
	853
	1128
	1327
	1460
	842
	855
	1462
	843
	856
	1131
	1329
	1463
	846
	1465
	847
	1134
	1331
	1466
	874
	893
	1171
	1472
	875
	894
	1158
	1242
	1343
	1473
	878
	896
	1475
	879
	897
	1161
	1244
	1345
	1476
	882
	899
	1478
	883
	900
	1164
	1246
	1347
	1479
	886
	902
	1481
	887
	903
	1167
	1248
	1349
	1482
	890
	1484
	891
	1170
	1250
	1351
	1485
	922
	1105
	1493
	934
	993
	935
	1218
	937
	999
	938
	1216
	1221
	940
	1137
	941
	1219
	1224
	943
	1073
	944
	975
	1222
	1012
	1280
	1014
	1032
	1296
	1016
	1035
	1298
	1018
	1406
	1019
	1038
	1300
	1021
	1405
	1022
	1041
	1292
	1024
	1404
	1026
	1044
	1294
	1029
	1403
	1046
	1061
	1307
	1047
	1055
	1063
	1308
	1048
	1052
	1057
	1309
	1049
	1050
	1054
	1310
	1059
	1090
	1067
	1409
	1075
	1140
	1082
	1187
	1099
	1275
	1278
	1354
	1492
	1104
	1172
	1355
	1106
	1124
	1324
	1468
	1108
	1127
	1326
	1469
	1112
	1130
	1328
	1470
	1114
	1209
	1116
	1200
	1117
	1212
	1119
	1203
	1120
	1215
	1122
	1206
	1133
	1330
	1144
	1157
	1342
	1487
	1146
	1189
	1147
	1160
	1344
	1488
	1149
	1194
	1150
	1163
	1346
	1489
	1152
	1191
	1153
	1166
	1348
	1490
	1155
	1197
	1169
	1350
	1175
	1184
	1178
	1179
	1226
	1230
	1235
	1240
	1496
	1243
	1245
	1247
	1249
	1251
	1497
	1498
	1499

91
	1
	2
	3
	4
	5
	6
	7
	8
	9
	10
	11
	12
	13
	14
	15
	16
	17
	28
	31
	34
	37
	40
	43
	46
	49
	52
	55
	58
	61
	64
	67
	70
	73
	76
	79
	82
	85
	88
	91
	94
	97
	100
	103
	106
	109
	112
	115
	118
	121
	124
	127
	130
	133
	136
	139
	142
	145
	148
	151
	154
	157
	160
	163
	166
	169
	172
	175
	178
	181
	184
	187
	190
	193
	196
	199
	202
	205
	208
	211
	214
	217
	220
	223
	226
	229
	232
	235
	238
	241
	244
	247

79
	19
	21
	23
	25
	27
	29
	32
	35
	38
	41
	44
	47
	50
	53
	56
	59
	62
	65
	68
	71
	74
	77
	80
	83
	86
	89
	92
	95
	98
	101
	104
	107
	110
	113
	116
	119
	122
	125
	128
	131
	134
	137
	140
	143
	146
	149
	152
	155
	158
	161
	164
	167
	170
	173
	176
	179
	182
	185
	188
	191
	194
	197
	200
	203
	206
	209
	212
	215
	218
	221
	224
	227
	230
	233
	236
	239
	242
	245
	248
