
1513
	0	1	1	6	2112
	0	1	2	7	1328
	0	1	3	2	1326
	0	1	4	4	1322
	0	1	5	9	1313
	0	1	6	13	1300
	0	1	7	6	1294
	0	1	8	9	1285
	4	1	10	0	0
	-3	1	162	1	9
	4	1	12	0	0
	-3	1	164	1	11
	4	1	14	0	0
	-3	1	168	1	13
	4	1	16	0	0
	-3	1	170	1	15
	4	1	18	0	0
	-3	1	172	1	17
	4	1	20	0	0
	-3	1	174	1	19
	4	1	22	0	0
	-3	1	176	1	21
	4	1	24	0	0
	-3	1	178	1	23
	4	1	26	0	0
	-3	1	180	1	25
	4	1	28	0	0
	-3	1	182	1	27
	4	1	30	0	0
	-3	1	184	1	29
	4	1	32	0	0
	-3	1	186	1	31
	4	1	34	0	0
	-3	1	188	1	33
	4	1	36	0	0
	-3	1	190	1	35
	4	1	38	0	0
	-3	1	192	1	37
	4	1	40	0	0
	-3	1	196	1	39
	4	1	42	0	0
	-3	1	206	1	41
	4	1	44	0	0
	-3	1	213	1	43
	4	1	46	0	0
	-3	1	218	1	45
	0	1	9	27	1533
	2	2	839	1	49
	4	1	48	0	0
	0	1	10	35	1498
	2	2	841	1	52
	4	1	51	0	0
	0	1	11	35	1463
	2	2	835	1	55
	4	1	54	0	0
	0	1	12	55	1408
	2	2	843	1	58
	4	1	57	0	0
	0	1	13	48	1360
	2	2	837	1	61
	4	1	60	0	0
	0	1	14	25	1335
	2	2	833	1	64
	4	1	63	0	0
	3	1	8	5	2037
	3	1	8	1	65
	3	1	7	6	1924
	3	1	7	1	67
	3	1	6	12	1858
	3	1	6	1	69
	3	1	5	8	1750
	3	1	5	1	71
	-3	1	74	1	1399
	3	1	4	1	73
	-3	1	76	6	1930
	3	1	3	1	75
	3	1	2	10	1758
	3	1	2	1	77
	3	1	62	36	1768
	3	1	62	1	79
	3	1	59	54	1804
	3	1	59	1	81
	3	1	56	37	1670
	3	1	56	1	83
	3	1	53	46	1571
	3	1	53	1	85
	3	1	50	43	1707
	3	1	50	1	87
	3	1	47	54	1870
	3	1	47	1	89
	-3	1	92	1	1509
	3	1	1380	1	91
	-3	1	94	1	95
	3	1	56	1	93
	-3	1	93	1	682
	3	1	1385	8	1939
	3	1	1385	1	96
	-3	1	99	1	100
	3	1	6	1	98
	-3	1	98	1	479
	-3	1	102	12	1947
	3	1	1388	1	101
	-3	1	104	1	105
	3	1	85	1	103
	-3	1	103	1	916
	-3	1	107	7	1959
	3	1	1393	1	106
	-3	1	109	2	1966
	3	1	1396	1	108
	-3	1	111	17	1968
	3	1	1399	1	110
	-3	1	113	1	114
	3	1	1399	1	112
	-3	1	112	1	989
	-3	1	116	2	1985
	3	1	1404	1	115
	-3	1	118	1	826
	3	1	1409	1	117
	-3	1	120	1	593
	3	1	1412	1	119
	-3	1	122	4	1989
	3	1	1415	1	121
	-3	1	124	9	1993
	3	1	1418	1	123
	-3	1	126	7	2002
	3	1	1421	1	125
	-3	1	128	5	2009
	3	1	1424	1	127
	-3	1	130	4	2014
	1	2	879	1	129
	-3	1	132	4	2018
	3	1	1429	1	131
	-3	1	134	2	2022
	3	1	1432	1	133
	-3	1	136	4	2024
	3	1	1435	1	135
	-3	1	138	1	973
	3	1	1438	1	137
	-3	1	140	9	2028
	3	1	1441	1	139
	-3	1	142	19	2044
	3	1	1444	1	141
	-3	1	144	18	2065
	3	1	1447	1	143
	-3	1	146	6	2083
	3	1	1450	1	145
	-3	1	148	12	2089
	3	1	1453	1	147
	-3	1	150	1	151
	3	1	50	1	149
	-3	1	149	1	927
	-3	1	153	7	2101
	3	1	1462	1	152
	-3	1	155	1	156
	2	2	96	1	154
	-3	1	154	1	974
	-3	1	158	1	159
	2	3	268	1	157
	-3	1	157	1	1027
	-3	1	161	1	1503
	1	2	947	1	160
	-3	1	163	1	10
	2	4	452	1	162
	-3	1	165	1	12
	2	4	599	1	164
	-3	1	167	1	1244
	3	1	1503	1	166
	-3	1	169	1	14
	2	3	657	1	168
	-3	1	171	1	16
	1	2	1119	1	170
	-3	1	173	1	18
	1	2	1125	1	172
	-3	1	175	1	20
	2	3	739	1	174
	-3	1	177	1	22
	1	3	1190	1	176
	-3	1	179	1	24
	2	3	753	1	178
	-3	1	181	1	26
	1	2	1202	1	180
	-3	1	183	1	28
	2	3	796	1	182
	-3	1	185	1	30
	2	2	799	1	184
	-3	1	187	1	32
	1	2	1225	1	186
	-3	1	189	1	34
	1	3	1234	1	188
	-3	1	191	1	36
	1	3	1243	1	190
	-3	1	193	1	38
	1	3	1250	1	192
	-3	1	195	1	210
	1	3	1253	1	194
	-3	1	197	1	40
	1	2	1256	1	196
	-3	1	199	1	211
	1	3	1258	1	198
	-3	1	201	1	212
	1	4	1261	1	200
	-3	1	203	1	215
	1	4	1265	1	202
	-3	1	205	1	216
	1	4	1269	1	204
	-3	1	207	1	42
	1	2	1273	1	206
	-3	1	209	1	217
	1	3	1275	1	208
	-3	1	194	1	63
	-3	1	198	1	54
	-3	1	200	1	60
	-3	1	214	1	44
	1	2	1278	1	213
	-3	1	202	1	48
	-3	1	204	1	51
	-3	1	208	1	57
	-3	1	219	1	46
	1	3	1282	1	218
	2	2	1	1	786
	3	1	56	1	220
	3	1	53	1	220
	2	2	3	1	687
	3	1	56	1	223
	3	1	53	1	223
	2	3	5	1	940
	3	1	59	1	226
	3	1	83	1	226
	3	1	53	1	226
	2	2	8	1	865
	3	1	59	1	230
	3	1	50	1	230
	2	2	10	1	1467
	3	1	8	1	233
	3	1	50	1	233
	2	2	12	1	1017
	3	1	8	1	236
	3	1	87	1	236
	2	2	14	1	926
	3	1	6	1	239
	3	1	50	1	239
	2	2	16	1	1205
	3	1	56	1	242
	3	1	50	1	242
	2	2	18	1	540
	3	1	7	1	245
	3	1	47	1	245
	2	2	20	1	591
	3	1	71	1	248
	3	1	77	1	248
	2	3	22	1	163
	3	1	5	1	251
	3	1	79	1	251
	3	1	85	1	251
	2	3	25	1	643
	3	1	8	1	255
	3	1	81	1	255
	3	1	50	1	255
	2	4	28	1	884
	3	1	77	1	259
	3	1	79	1	259
	3	1	81	1	259
	3	1	47	1	259
	2	2	32	1	942
	3	1	81	1	264
	3	1	50	1	264
	2	3	34	1	1039
	3	1	81	1	267
	3	1	56	1	267
	3	1	47	1	267
	2	3	37	1	932
	3	1	81	1	271
	3	1	56	1	271
	3	1	53	1	271
	2	4	40	1	488
	3	1	7	1	275
	3	1	2	1	275
	3	1	79	1	275
	3	1	81	1	275
	2	3	44	1	643
	3	1	69	1	280
	3	1	59	1	280
	3	1	83	1	280
	2	2	47	1	646
	3	1	83	1	284
	3	1	50	1	284
	2	2	49	1	792
	3	1	71	1	287
	3	1	83	1	287
	2	3	51	1	1050
	3	1	79	1	290
	3	1	81	1	290
	3	1	83	1	290
	2	3	54	1	842
	3	1	62	1	294
	3	1	81	1	294
	3	1	83	1	294
	2	2	57	1	786
	3	1	81	1	298
	3	1	85	1	298
	2	3	59	1	1022
	3	1	7	1	301
	3	1	85	1	301
	3	1	89	1	301
	2	3	62	1	1063
	3	1	81	1	305
	3	1	85	1	305
	3	1	50	1	305
	2	2	65	1	1048
	3	1	85	1	309
	3	1	47	1	309
	2	3	67	1	1092
	3	1	67	1	312
	3	1	56	1	312
	3	1	85	1	312
	2	2	70	1	796
	3	1	81	1	316
	3	1	85	1	316
	2	3	72	1	1320
	3	1	59	1	319
	3	1	50	1	319
	3	1	1385	1	319
	2	2	75	1	1467
	3	1	53	1	323
	3	1	87	1	323
	2	2	77	1	798
	3	1	2	1	326
	3	1	87	1	326
	2	3	79	1	584
	3	1	79	1	329
	3	1	56	1	329
	3	1	87	1	329
	2	2	82	1	973
	3	1	83	1	333
	3	1	87	1	333
	2	2	84	1	1012
	3	1	81	1	336
	3	1	87	1	336
	2	2	86	1	1499
	3	1	53	1	339
	3	1	87	1	339
	2	2	88	1	1006
	3	1	56	1	342
	3	1	87	1	342
	2	2	90	1	1030
	3	1	53	1	345
	3	1	87	1	345
	2	2	92	1	970
	3	1	53	1	348
	3	1	87	1	348
	2	2	94	1	1340
	3	1	53	1	351
	3	1	87	1	351
	3	1	59	1	155
	3	1	1388	1	155
	2	2	98	1	1033
	3	1	1388	1	356
	3	1	47	1	356
	2	2	100	1	865
	3	1	79	1	359
	3	1	89	1	359
	2	2	102	1	884
	3	1	59	1	362
	3	1	89	1	362
	2	4	104	1	1126
	3	1	79	1	365
	3	1	56	1	365
	3	1	85	1	365
	3	1	89	1	365
	2	4	108	1	1135
	3	1	81	1	370
	3	1	56	1	370
	3	1	87	1	370
	3	1	89	1	370
	2	3	112	1	984
	3	1	81	1	375
	3	1	87	1	375
	3	1	89	1	375
	2	4	115	1	1165
	3	1	81	1	379
	3	1	56	1	379
	3	1	85	1	379
	3	1	89	1	379
	2	3	119	1	986
	3	1	75	1	384
	3	1	87	1	384
	3	1	89	1	384
	2	3	122	1	1141
	3	1	81	1	388
	3	1	87	1	388
	3	1	89	1	388
	2	3	125	1	1003
	3	1	5	1	392
	3	1	85	1	392
	3	1	89	1	392
	2	2	128	1	996
	3	1	85	1	396
	3	1	89	1	396
	2	2	130	1	1174
	3	1	1385	1	399
	3	1	89	1	399
	2	4	132	1	1009
	3	1	81	1	402
	3	1	56	1	402
	3	1	87	1	402
	3	1	89	1	402
	2	2	136	1	992
	3	1	87	1	407
	3	1	89	1	407
	2	3	138	1	1184
	1	2	847	1	410
	3	1	89	1	410
	3	1	1385	1	410
	2	3	141	1	1149
	3	1	77	1	414
	3	1	87	1	414
	3	1	89	1	414
	2	2	144	1	1203
	3	1	89	1	418
	3	1	1388	1	418
	2	2	146	1	1303
	3	1	62	1	421
	3	1	89	1	421
	2	2	148	1	1074
	1	2	853	1	424
	3	1	50	1	424
	2	2	150	1	916
	3	1	1396	1	427
	3	1	87	1	427
	2	2	152	1	922
	3	1	85	1	430
	3	1	1401	1	430
	2	2	154	1	926
	3	1	1404	1	433
	3	1	87	1	433
	2	3	156	1	963
	1	2	865	1	436
	3	1	87	1	436
	3	1	89	1	436
	2	4	159	1	1172
	3	1	1412	1	440
	3	1	75	1	440
	3	1	56	1	440
	3	1	89	1	440
	2	2	163	1	940
	3	1	1421	1	445
	3	1	85	1	445
	2	2	165	1	967
	3	1	50	1	448
	3	1	1424	1	448
	2	2	167	1	947
	3	1	1429	1	451
	3	1	50	1	451
	2	2	169	1	1076
	3	1	59	1	454
	3	1	1432	1	454
	2	2	171	1	963
	3	1	50	1	457
	3	1	1432	1	457
	2	2	173	1	967
	3	1	1435	1	460
	3	1	87	1	460
	2	2	175	1	970
	3	1	50	1	463
	3	1	1435	1	463
	2	4	177	1	1068
	3	1	77	1	466
	3	1	81	1	466
	3	1	47	1	466
	3	1	96	1	466
	2	3	181	1	1351
	3	1	59	1	471
	3	1	89	1	471
	3	1	96	1	471
	2	3	184	1	981
	3	1	56	1	475
	3	1	47	1	475
	3	1	1441	1	475
	2	2	187	1	1340
	3	1	59	1	479
	2	2	189	1	1507
	3	1	56	1	481
	3	1	1444	1	481
	2	3	191	1	1109
	3	1	2	1	484
	3	1	47	1	484
	3	1	101	1	484
	2	4	194	1	1099
	3	1	56	1	488
	3	1	89	1	488
	3	1	101	1	488
	2	3	198	1	1102
	3	1	81	1	492
	3	1	83	1	492
	3	1	101	1	492
	2	2	201	1	1178
	3	1	56	1	496
	3	1	101	1	496
	2	3	203	1	981
	3	1	5	1	499
	3	1	89	1	499
	3	1	101	1	499
	2	4	206	1	1279
	3	1	77	1	503
	3	1	56	1	503
	3	1	89	1	503
	3	1	101	1	503
	2	3	210	1	1236
	3	1	56	1	508
	3	1	47	1	508
	3	1	101	1	508
	2	3	213	1	806
	3	1	79	1	512
	3	1	81	1	512
	3	1	101	1	512
	2	2	216	1	992
	3	1	1447	1	516
	3	1	83	1	516
	2	2	218	1	1193
	3	1	96	1	519
	3	1	1447	1	519
	2	2	220	1	996
	3	1	1450	1	522
	3	1	83	1	522
	2	2	222	1	1065
	3	1	1453	1	525
	3	1	85	1	525
	2	3	224	1	1036
	3	1	81	1	528
	3	1	53	1	528
	3	1	106	1	528
	2	2	227	1	1272
	3	1	87	1	532
	3	1	106	1	532
	2	3	229	1	203
	3	1	59	1	535
	3	1	53	1	535
	3	1	106	1	535
	2	3	232	1	1009
	1	2	899	1	539
	3	1	59	1	539
	3	1	50	1	539
	2	2	235	1	1181
	3	1	108	1	543
	3	1	96	1	543
	2	3	237	1	1012
	3	1	59	1	546
	3	1	50	1	546
	3	1	110	1	546
	2	4	240	1	1042
	3	1	81	1	550
	3	1	83	1	550
	3	1	87	1	550
	3	1	110	1	550
	2	2	244	1	1017
	3	1	85	1	555
	3	1	110	1	555
	2	3	246	1	1022
	3	1	59	1	558
	3	1	89	1	558
	3	1	110	1	558
	2	2	249	1	1026
	3	1	56	1	562
	3	1	110	1	562
	2	2	251	1	1138
	3	1	106	1	565
	3	1	110	1	565
	2	4	253	1	1241
	3	1	81	1	568
	3	1	83	1	568
	3	1	101	1	568
	3	1	110	1	568
	2	3	257	1	1269
	3	1	87	1	573
	3	1	106	1	573
	3	1	110	1	573
	2	3	260	1	1239
	3	1	89	1	577
	3	1	96	1	577
	3	1	110	1	577
	2	2	263	1	1212
	3	1	1418	1	581
	3	1	110	1	581
	2	3	265	1	1121
	3	1	89	1	584
	3	1	115	1	584
	3	1	71	1	158
	3	1	47	1	158
	3	1	1457	1	158
	2	2	271	1	1030
	1	2	903	1	590
	3	1	85	1	590
	2	2	273	1	1033
	3	1	89	1	593
	2	3	275	1	1036
	3	1	56	1	595
	3	1	50	1	595
	3	1	121	1	595
	2	3	278	1	1095
	3	1	69	1	599
	3	1	62	1	599
	3	1	121	1	599
	2	3	281	1	1039
	3	1	69	1	603
	3	1	89	1	603
	3	1	123	1	603
	2	2	284	1	1112
	3	1	47	1	607
	3	1	123	1	607
	2	2	286	1	1158
	3	1	89	1	610
	3	1	123	1	610
	2	2	288	1	1115
	3	1	1393	1	613
	3	1	123	1	613
	2	2	290	1	1042
	3	1	6	1	616
	3	1	125	1	616
	2	2	292	1	1048
	3	1	89	1	619
	3	1	125	1	619
	2	2	294	1	1050
	3	1	50	1	622
	3	1	125	1	622
	2	2	296	1	1053
	3	1	59	1	625
	3	1	127	1	625
	2	3	298	1	1058
	3	1	59	1	628
	3	1	50	1	628
	3	1	127	1	628
	2	3	301	1	1253
	3	1	59	1	632
	3	1	50	1	632
	3	1	127	1	632
	2	3	304	1	1336
	3	1	59	1	636
	3	1	50	1	636
	3	1	127	1	636
	2	3	307	1	1324
	3	1	79	1	640
	3	1	53	1	640
	1	2	905	1	640
	2	2	310	1	1315
	3	1	85	1	644
	1	2	907	1	644
	2	3	312	1	1053
	3	1	81	1	647
	3	1	83	1	647
	3	1	129	1	647
	2	3	315	1	1058
	3	1	81	1	651
	3	1	83	1	651
	3	1	129	1	651
	2	2	318	1	1063
	3	1	123	1	655
	3	1	131	1	655
	2	2	320	1	1065
	3	1	47	1	658
	3	1	131	1	658
	2	3	322	1	1068
	3	1	77	1	661
	3	1	133	1	661
	3	1	125	1	661
	2	2	325	1	1143
	3	1	1438	1	665
	3	1	133	1	665
	2	2	327	1	1250
	3	1	1462	1	668
	3	1	56	1	668
	2	2	329	1	1076
	3	1	89	1	671
	3	1	135	1	671
	2	2	331	1	1106
	3	1	87	1	674
	3	1	135	1	674
	2	3	333	1	1281
	3	1	87	1	677
	3	1	89	1	677
	3	1	135	1	677
	2	4	336	1	1369
	1	2	913	1	681
	3	1	69	1	681
	3	1	59	1	681
	3	1	50	1	681
	2	3	340	1	1257
	1	2	915	1	686
	3	1	81	1	686
	3	1	50	1	686
	2	2	343	1	1079
	3	1	83	1	690
	3	1	139	1	690
	2	2	345	1	1497
	3	1	65	1	693
	3	1	139	1	693
	2	2	347	1	1162
	3	1	56	1	696
	3	1	139	1	696
	2	2	349	1	1092
	3	1	83	1	699
	3	1	139	1	699
	2	4	351	1	1095
	3	1	75	1	702
	3	1	79	1	702
	3	1	81	1	702
	3	1	139	1	702
	2	3	355	1	1099
	3	1	59	1	707
	3	1	83	1	707
	3	1	139	1	707
	2	4	358	1	1102
	3	1	65	1	711
	3	1	1409	1	711
	3	1	59	1	711
	3	1	139	1	711
	2	2	362	1	1120
	3	1	83	1	716
	3	1	139	1	716
	2	2	364	1	1208
	3	1	81	1	719
	3	1	139	1	719
	2	2	366	1	1106
	3	1	1467	1	722
	3	1	81	1	722
	2	3	368	1	1109
	3	1	8	1	725
	3	1	53	1	725
	3	1	141	1	725
	2	3	371	1	1112
	3	1	81	1	729
	3	1	56	1	729
	3	1	141	1	729
	2	2	374	1	1167
	3	1	53	1	733
	3	1	141	1	733
	2	2	376	1	1115
	3	1	81	1	736
	3	1	141	1	736
	2	2	378	1	1248
	3	1	85	1	739
	3	1	141	1	739
	2	2	380	1	1222
	3	1	53	1	742
	3	1	141	1	742
	2	3	382	1	1299
	3	1	1415	1	745
	3	1	56	1	745
	3	1	141	1	745
	2	3	385	1	1264
	3	1	56	1	749
	3	1	53	1	749
	3	1	141	1	749
	2	3	388	1	1219
	3	1	81	1	753
	3	1	85	1	753
	3	1	141	1	753
	2	3	391	1	1287
	3	1	67	1	757
	3	1	56	1	757
	3	1	141	1	757
	2	4	394	1	1197
	3	1	83	1	761
	3	1	141	1	761
	3	1	110	1	761
	3	1	129	1	761
	2	3	398	1	1311
	3	1	81	1	766
	3	1	85	1	766
	3	1	141	1	766
	2	3	401	1	1334
	3	1	56	1	770
	3	1	53	1	770
	3	1	141	1	770
	2	2	404	1	1318
	3	1	141	1	774
	3	1	1429	1	774
	2	3	406	1	1309
	3	1	56	1	777
	3	1	85	1	777
	3	1	141	1	777
	2	3	409	1	177
	3	1	81	1	781
	3	1	85	1	781
	3	1	141	1	781
	2	2	412	1	1331
	1	2	909	1	785
	3	1	141	1	785
	2	2	414	1	1366
	3	1	96	1	788
	3	1	141	1	788
	2	2	416	1	1234
	1	2	919	1	791
	3	1	85	1	791
	2	2	418	1	1200
	3	1	56	1	794
	1	2	921	1	794
	2	2	420	1	1120
	1	2	923	1	797
	3	1	85	1	797
	2	2	422	1	177
	3	1	1471	1	800
	3	1	59	1	800
	2	2	424	1	193
	3	1	59	1	803
	3	1	1471	1	803
	2	3	426	1	207
	3	1	106	1	806
	3	1	110	1	806
	2	4	429	1	1121
	3	1	6	1	809
	3	1	79	1	809
	3	1	83	1	809
	3	1	143	1	809
	2	4	433	1	1126
	3	1	62	1	814
	3	1	59	1	814
	3	1	143	1	814
	3	1	131	1	814
	2	2	437	1	1499
	3	1	85	1	819
	3	1	143	1	819
	2	3	439	1	1135
	3	1	69	1	822
	3	1	59	1	822
	3	1	143	1	822
	2	4	442	1	1138
	3	1	5	1	826
	3	1	59	1	826
	3	1	143	1	826
	2	2	446	1	1141
	3	1	2	1	830
	3	1	143	1	830
	2	2	448	1	1143
	3	1	85	1	833
	3	1	143	1	833
	2	2	450	1	1152
	3	1	59	1	836
	3	1	143	1	836
	3	1	143	1	163
	3	1	125	1	163
	3	1	1409	1	163
	2	3	456	1	173
	3	1	143	1	842
	3	1	135	1	842
	2	2	459	1	1146
	3	1	85	1	845
	3	1	143	1	845
	2	3	461	1	1259
	3	1	56	1	848
	3	1	53	1	848
	3	1	143	1	848
	2	3	464	1	1291
	3	1	67	1	852
	3	1	85	1	852
	3	1	143	1	852
	2	3	467	1	1149
	3	1	1457	1	856
	3	1	5	1	856
	3	1	143	1	856
	2	2	470	1	1351
	3	1	56	1	860
	3	1	143	1	860
	2	2	472	1	1152
	3	1	67	1	863
	1	2	927	1	863
	2	2	474	1	1155
	3	1	71	1	866
	3	1	145	1	866
	2	2	476	1	1230
	3	1	87	1	869
	3	1	145	1	869
	2	2	478	1	1214
	3	1	87	1	872
	3	1	145	1	872
	2	3	480	1	1364
	3	1	56	1	875
	3	1	87	1	875
	3	1	145	1	875
	2	2	483	1	1511
	3	1	87	1	879
	3	1	145	1	879
	2	2	485	1	1158
	3	1	71	1	882
	1	2	929	1	882
	2	3	487	1	1162
	3	1	2	1	885
	3	1	101	1	885
	3	1	147	1	885
	2	2	490	1	1165
	3	1	87	1	889
	3	1	147	1	889
	2	2	492	1	1167
	3	1	62	1	892
	3	1	147	1	892
	2	3	494	1	1172
	3	1	62	1	895
	3	1	53	1	895
	3	1	147	1	895
	2	2	497	1	1174
	3	1	85	1	899
	3	1	147	1	899
	2	2	499	1	1178
	3	1	1441	1	902
	3	1	147	1	902
	2	2	501	1	1181
	3	1	53	1	905
	3	1	147	1	905
	2	2	503	1	1184
	3	1	53	1	908
	3	1	147	1	908
	2	3	505	1	1228
	3	1	62	1	911
	3	1	59	1	911
	3	1	147	1	911
	2	2	508	1	1285
	1	2	931	1	915
	3	1	83	1	915
	2	2	510	1	1187
	1	2	933	1	918
	3	1	141	1	918
	2	2	512	1	1200
	1	2	935	1	921
	3	1	87	1	921
	2	2	514	1	1212
	3	1	59	1	924
	1	2	937	1	924
	2	4	516	1	199
	3	1	62	1	927
	3	1	56	1	927
	3	1	89	1	927
	2	2	520	1	1349
	1	2	939	1	931
	3	1	108	1	931
	2	2	522	1	1275
	1	2	941	1	934
	3	1	47	1	934
	2	3	524	1	1296
	3	1	62	1	937
	3	1	89	1	937
	1	2	943	1	937
	2	2	527	1	1315
	1	2	945	1	941
	3	1	1401	1	941
	2	3	529	1	193
	3	1	62	1	944
	3	1	89	1	944
	1	2	949	1	944
	2	2	532	1	1193
	3	1	56	1	948
	3	1	152	1	948
	2	3	534	1	171
	3	1	62	1	951
	3	1	152	1	951
	3	1	125	1	951
	2	2	537	1	1225
	3	1	83	1	955
	3	1	152	1	955
	2	3	539	1	1328
	3	1	152	1	958
	3	1	115	1	958
	3	1	125	1	958
	2	2	542	1	1197
	1	2	951	1	962
	3	1	56	1	962
	2	2	544	1	1200
	3	1	59	1	965
	1	2	953	1	965
	2	2	546	1	1203
	3	1	83	1	968
	1	2	955	1	968
	2	2	548	1	1205
	3	1	79	1	971
	1	2	957	1	971
	2	2	550	1	1208
	3	1	62	1	974
	2	2	552	1	1212
	1	2	959	1	976
	3	1	81	1	976
	2	2	554	1	1513
	3	1	59	1	979
	1	2	961	1	979
	2	2	556	1	1275
	3	1	71	1	982
	1	2	963	1	982
	2	2	558	1	1214
	1	2	965	1	985
	3	1	85	1	985
	2	2	560	1	1285
	1	2	967	1	988
	3	1	85	1	988
	2	3	562	1	1219
	1	2	969	1	991
	3	1	59	1	991
	3	1	53	1	991
	2	3	565	1	1306
	1	2	971	1	995
	3	1	62	1	995
	3	1	87	1	995
	2	2	568	1	1222
	1	2	973	1	999
	3	1	85	1	999
	2	2	570	1	201
	1	2	975	1	1002
	3	1	123	1	1002
	2	2	572	1	189
	1	2	977	1	1005
	3	1	121	1	1005
	2	2	574	1	1225
	1	2	979	1	1008
	3	1	85	1	1008
	2	4	576	1	1228
	1	2	981	1	1011
	3	1	79	1	1011
	3	1	56	1	1011
	3	1	89	1	1011
	2	2	580	1	1230
	1	2	983	1	1016
	3	1	89	1	1016
	2	3	582	1	1294
	3	1	79	1	1019
	3	1	50	1	1019
	1	2	985	1	1019
	2	3	585	1	1234
	3	1	69	1	1023
	3	1	89	1	1023
	1	2	987	1	1023
	2	2	588	1	1234
	3	1	56	1	1027
	2	2	590	1	1250
	1	2	989	1	1029
	3	1	47	1	1029
	2	2	592	1	1236
	1	2	991	1	1032
	3	1	83	1	1032
	2	2	594	1	1364
	1	2	993	1	1035
	3	1	1399	1	1035
	2	3	596	1	171
	1	2	995	1	1038
	3	1	79	1	1038
	3	1	85	1	1038
	1	2	997	1	165
	3	1	79	1	165
	3	1	85	1	165
	3	1	89	1	165
	2	2	603	1	1239
	3	1	71	1	1046
	1	2	999	1	1046
	2	2	605	1	1257
	1	2	1001	1	1049
	3	1	110	1	1049
	2	3	607	1	1241
	1	2	1003	1	1052
	3	1	1380	1	1052
	3	1	50	1	1052
	2	3	610	1	1345
	3	1	1401	1	1056
	1	2	1005	1	1056
	3	1	89	1	1056
	2	3	613	1	205
	3	1	62	1	1060
	3	1	89	1	1060
	1	2	1007	1	1060
	2	2	616	1	199
	1	2	1009	1	1064
	3	1	123	1	1064
	2	4	618	1	173
	1	2	1011	1	1067
	3	1	5	1	1067
	3	1	79	1	1067
	3	1	87	1	1067
	2	2	622	1	1507
	3	1	81	1	1072
	1	3	1013	1	1072
	2	2	624	1	1507
	1	2	1016	1	1075
	3	1	87	1	1075
	2	2	626	1	1248
	1	2	1018	1	1078
	3	1	59	1	1078
	2	3	628	1	1250
	3	1	89	1	1081
	3	1	1497	1	1081
	3	1	110	1	1081
	2	3	631	1	1253
	3	1	81	1	1085
	3	1	83	1	1085
	3	1	1497	1	1085
	2	3	634	1	1357
	3	1	81	1	1089
	3	1	89	1	1089
	1	2	1022	1	1089
	2	3	637	1	191
	3	1	65	1	1093
	1	2	1024	1	1093
	3	1	106	1	1093
	2	2	640	1	203
	3	1	69	1	1097
	1	2	1026	1	1097
	2	3	642	1	1354
	3	1	5	1	1100
	1	2	1028	1	1100
	3	1	47	1	1100
	2	3	645	1	1257
	3	1	79	1	1104
	1	2	1030	1	1104
	3	1	83	1	1104
	2	2	648	1	1259
	1	2	1032	1	1108
	3	1	83	1	1108
	2	2	650	1	205
	1	2	1034	1	1111
	3	1	85	1	1111
	2	2	652	1	1264
	1	2	1036	1	1114
	3	1	85	1	1114
	2	3	654	1	1349
	3	1	81	1	1117
	3	1	47	1	1117
	1	2	1038	1	1117
	1	2	1040	1	169
	3	1	59	1	169
	3	1	53	1	169
	2	2	660	1	205
	3	1	6	1	1124
	1	2	1042	1	1124
	2	2	662	1	1266
	3	1	1499	1	1127
	3	1	81	1	1127
	2	2	664	1	1357
	3	1	56	1	1130
	3	1	1499	1	1130
	2	2	666	1	1269
	3	1	67	1	1133
	1	2	1046	1	1133
	2	2	668	1	1272
	3	1	65	1	1136
	1	2	1048	1	1136
	2	2	670	1	1275
	3	1	67	1	1139
	1	2	1050	1	1139
	2	2	672	1	1279
	1	2	1052	1	1142
	3	1	83	1	1142
	2	2	674	1	1281
	1	2	1054	1	1145
	3	1	81	1	1145
	2	2	676	1	1285
	1	2	1056	1	1148
	3	1	56	1	1148
	2	2	678	1	1287
	1	2	1058	1	1151
	3	1	83	1	1151
	2	2	680	1	1291
	1	2	1060	1	1154
	3	1	81	1	1154
	2	2	682	1	209
	1	2	1062	1	1157
	3	1	96	1	1157
	2	2	684	1	1354
	3	1	81	1	1160
	1	2	1064	1	1160
	2	2	686	1	1511
	3	1	77	1	1163
	1	2	1066	1	1163
	2	2	688	1	1294
	1	2	1068	1	1166
	3	1	59	1	1166
	2	3	690	1	1296
	3	1	69	1	1169
	3	1	59	1	1169
	1	2	1070	1	1169
	2	2	693	1	1299
	1	2	1072	1	1173
	3	1	123	1	1173
	2	3	695	1	195
	3	1	62	1	1176
	1	2	1074	1	1176
	3	1	59	1	1176
	2	2	698	1	1303
	1	2	1076	1	1180
	3	1	50	1	1180
	2	2	700	1	1306
	1	2	1078	1	1183
	3	1	50	1	1183
	2	2	702	1	1309
	1	2	1080	1	1186
	3	1	53	1	1186
	2	2	704	1	1509
	3	1	1503	1	1189
	3	1	81	1	1189
	2	2	706	1	1311
	1	2	1084	1	1192
	3	1	59	1	1192
	2	2	708	1	1342
	3	1	81	1	1195
	1	2	1086	1	1195
	2	2	710	1	181
	3	1	79	1	1198
	1	4	1088	1	1198
	2	2	712	1	1318
	3	1	59	1	1201
	1	2	1092	1	1201
	2	2	714	1	1320
	1	2	1094	1	1204
	3	1	53	1	1204
	2	2	716	1	1324
	1	2	1096	1	1207
	3	1	56	1	1207
	2	2	718	1	177
	3	1	79	1	1210
	1	4	1098	1	1210
	2	3	720	1	1328
	1	2	1102	1	1213
	3	1	81	1	1213
	3	1	83	1	1213
	2	2	723	1	189
	3	1	62	1	1217
	1	2	1104	1	1217
	2	2	725	1	1331
	3	1	59	1	1220
	1	2	1106	1	1220
	2	2	727	1	1513
	3	1	6	1	1223
	1	2	1108	1	1223
	2	2	729	1	195
	3	1	69	1	1226
	1	2	1110	1	1226
	2	2	731	1	1334
	1	2	1112	1	1229
	3	1	83	1	1229
	2	2	733	1	1511
	3	1	59	1	1232
	1	3	1114	1	1232
	2	2	735	1	181
	1	2	1117	1	1235
	3	1	59	1	1235
	2	2	737	1	1349
	1	2	1121	1	1238
	3	1	87	1	1238
	1	2	1123	1	175
	3	1	79	1	175
	3	1	89	1	175
	2	2	742	1	1336
	3	1	81	1	1244
	2	2	744	1	1360
	3	1	62	1	1246
	1	2	1130	1	1246
	2	2	746	1	1351
	1	3	1132	1	1249
	3	1	81	1	1249
	2	3	748	1	183
	1	2	1135	1	1252
	3	1	4	1	1252
	3	1	75	1	1252
	2	2	751	1	187
	1	3	1137	1	1256
	3	1	89	1	1256
	1	2	1140	1	179
	3	1	79	1	179
	3	1	81	1	179
	2	2	756	1	203
	3	1	62	1	1262
	1	2	1142	1	1262
	2	2	758	1	1373
	1	2	1144	1	1265
	3	1	83	1	1265
	2	2	760	1	1513
	1	2	1146	1	1268
	3	1	85	1	1268
	2	2	762	1	1354
	1	2	1148	1	1271
	3	1	53	1	1271
	2	2	764	1	1342
	1	3	1150	1	1274
	3	1	56	1	1274
	2	2	766	1	1364
	3	1	81	1	1277
	1	2	1153	1	1277
	2	2	768	1	1345
	1	2	1155	1	1280
	3	1	83	1	1280
	2	2	770	1	1349
	3	1	59	1	1283
	1	3	1157	1	1283
	2	2	772	1	219
	1	2	1160	1	1286
	3	1	53	1	1286
	2	2	774	1	1351
	3	1	6	1	1289
	1	2	1162	1	1289
	2	2	776	1	201
	3	1	69	1	1292
	1	2	1164	1	1292
	2	2	778	1	191
	1	2	1166	1	1295
	3	1	50	1	1295
	2	2	780	1	197
	1	2	1168	1	1298
	3	1	62	1	1298
	2	2	782	1	214
	3	1	59	1	1301
	1	2	1170	1	1301
	2	2	784	1	187
	3	1	59	1	1304
	1	2	1172	1	1304
	2	2	786	1	1354
	3	1	59	1	1307
	1	2	1174	1	1307
	2	2	788	1	219
	1	2	1179	1	1310
	3	1	62	1	1310
	2	2	790	1	189
	3	1	79	1	1313
	1	3	1181	1	1313
	2	2	792	1	209
	3	1	62	1	1316
	1	2	1184	1	1316
	2	2	794	1	1360
	1	2	1186	1	1319
	3	1	89	1	1319
	3	1	79	1	183
	3	1	89	1	183
	1	2	1188	1	185
	3	1	89	1	185
	2	2	801	1	191
	3	1	79	1	1326
	1	2	1193	1	1326
	2	2	803	1	201
	3	1	62	1	1329
	1	2	1195	1	1329
	2	2	805	1	1366
	3	1	79	1	1332
	1	2	1197	1	1332
	2	2	807	1	1369
	1	2	1204	1	1335
	3	1	110	1	1335
	2	2	809	1	193
	3	1	79	1	1338
	1	4	1206	1	1338
	2	2	811	1	195
	1	2	1213	1	1341
	3	1	79	1	1341
	2	2	813	1	197
	1	2	1215	1	1344
	3	1	79	1	1344
	2	2	815	1	199
	3	1	79	1	1347
	1	4	1217	1	1347
	2	2	817	1	201
	1	4	1221	1	1350
	3	1	79	1	1350
	2	2	819	1	203
	1	4	1227	1	1353
	3	1	79	1	1353
	2	2	821	1	205
	1	3	1231	1	1356
	3	1	79	1	1356
	2	2	823	1	207
	1	2	1237	1	1359
	3	1	6	1	1359
	2	2	825	1	209
	3	1	79	1	1362
	1	4	1239	1	1362
	2	2	827	1	214
	1	2	1246	1	1365
	3	1	81	1	1365
	2	2	829	1	1373
	1	2	1248	1	1368
	3	1	89	1	1368
	2	2	831	1	219
	3	1	79	1	1371
	1	2	1280	1	1371
	3	1	1	1	63
	3	1	1	1	54
	3	1	1	1	60
	3	1	1	1	48
	3	1	1	1	51
	3	1	1	1	57
	1	2	845	2	1560
	3	1	3	1	1380
	3	1	4	1	1380
	3	1	6	1	411
	3	1	62	1	411
	1	2	849	5	1562
	3	1	56	1	1385
	3	1	53	1	1385
	1	2	851	4	1567
	3	1	53	1	1388
	3	1	50	1	1388
	3	1	8	1	425
	3	1	47	1	425
	1	2	855	2	1617
	3	1	56	1	1393
	3	1	47	1	1393
	1	2	857	2	1619
	3	1	69	1	1396
	3	1	47	1	1396
	1	2	859	3	1621
	3	1	75	1	1399
	1	2	861	3	1936
	3	1	75	1	1401
	3	1	4	1	1401
	1	2	863	2	1624
	3	1	71	1	1404
	3	1	77	1	1404
	3	1	77	1	437
	3	1	53	1	437
	1	2	867	4	1626
	3	1	7	1	1409
	3	1	77	1	1409
	1	2	869	2	1630
	3	1	79	1	1412
	3	1	53	1	1412
	1	2	871	2	1632
	3	1	81	1	1415
	3	1	53	1	1415
	1	2	873	2	1634
	3	1	81	1	1418
	3	1	50	1	1418
	1	2	875	2	1636
	3	1	81	1	1421
	3	1	83	1	1421
	1	2	877	2	1638
	3	1	83	1	1424
	3	1	6	1	1424
	3	1	8	1	130
	3	1	85	1	130
	1	2	881	3	1640
	3	1	85	1	1429
	3	1	56	1	1429
	1	2	883	4	1643
	3	1	85	1	1432
	3	1	47	1	1432
	1	2	885	3	1647
	3	1	69	1	1435
	3	1	85	1	1435
	1	2	887	2	1650
	3	1	8	1	1438
	3	1	87	1	1438
	1	2	889	3	1652
	3	1	85	1	1441
	3	1	87	1	1441
	1	2	891	4	1655
	3	1	87	1	1444
	3	1	47	1	1444
	1	2	893	3	1659
	3	1	87	1	1447
	3	1	89	1	1447
	1	2	895	2	1662
	3	1	85	1	1450
	3	1	89	1	1450
	1	2	897	2	1664
	3	1	56	1	1453
	3	1	89	1	1453
	3	1	56	1	540
	1	2	901	2	1987
	3	1	1409	1	1457
	3	1	65	1	1457
	3	1	50	1	591
	3	1	47	1	646
	1	2	911	2	1666
	3	1	1432	1	1462
	3	1	50	1	1462
	3	1	53	1	682
	3	1	96	1	687
	1	2	917	2	2042
	3	1	1444	1	792
	3	1	1444	1	796
	3	1	56	1	798
	1	2	925	2	2063
	3	1	101	1	1471
	3	1	83	1	1471
	3	1	110	1	919
	3	1	6	1	919
	3	1	47	1	922
	3	1	121	1	932
	3	1	123	1	935
	3	1	85	1	935
	3	1	127	1	942
	3	1	129	1	161
	3	1	87	1	161
	3	1	59	1	947
	3	1	1467	1	977
	3	1	56	1	977
	3	1	143	1	984
	3	1	143	1	986
	3	1	143	1	989
	3	1	147	1	1000
	3	1	87	1	1000
	3	1	147	1	1003
	3	1	147	1	1006
	3	1	131	1	1026
	3	1	152	1	1074
	3	1	56	1	1074
	3	1	89	1	1079
	1	2	1020	2	2108
	3	1	101	1	1497
	1	2	1044	2	2110
	3	1	152	1	1146
	3	1	56	1	1155
	3	1	83	1	1187
	1	2	1082	2	1668
	3	1	56	1	1503
	3	1	145	1	1200
	3	1	47	1	1212
	1	3	1127	1	1315
	3	1	152	1	1266
	1	3	1176	1	1340
	3	1	110	1	1509
	1	3	1199	1	1357
	3	1	47	1	1340
	1	3	1210	1	1364

2117
	221
	222
	224
	225
	227
	228
	229
	231
	232
	234
	235
	237
	238
	240
	241
	243
	244
	246
	247
	249
	250
	252
	253
	254
	256
	257
	258
	260
	261
	262
	263
	265
	266
	268
	269
	270
	272
	273
	274
	276
	277
	278
	279
	281
	282
	283
	285
	286
	288
	289
	291
	292
	293
	295
	296
	297
	299
	300
	302
	303
	304
	306
	307
	308
	310
	311
	313
	314
	315
	317
	318
	320
	321
	322
	324
	325
	327
	328
	330
	331
	332
	334
	335
	337
	338
	340
	341
	343
	344
	346
	347
	349
	350
	352
	353
	354
	355
	357
	358
	360
	361
	363
	364
	366
	367
	368
	369
	371
	372
	373
	374
	376
	377
	378
	380
	381
	382
	383
	385
	386
	387
	389
	390
	391
	393
	394
	395
	397
	398
	400
	401
	403
	404
	405
	406
	408
	409
	411
	412
	413
	415
	416
	417
	419
	420
	422
	423
	425
	426
	428
	429
	431
	432
	434
	435
	437
	438
	439
	441
	442
	443
	444
	446
	447
	449
	450
	452
	453
	455
	456
	458
	459
	461
	462
	464
	465
	467
	468
	469
	470
	472
	473
	474
	476
	477
	478
	480
	100
	482
	483
	485
	486
	487
	489
	490
	491
	275
	493
	494
	495
	497
	498
	500
	501
	502
	504
	505
	506
	507
	509
	510
	511
	513
	514
	515
	517
	518
	520
	521
	523
	524
	526
	527
	529
	530
	531
	533
	534
	536
	537
	538
	540
	541
	542
	544
	545
	547
	548
	549
	551
	552
	553
	554
	556
	557
	559
	560
	561
	563
	564
	566
	567
	569
	570
	571
	572
	574
	575
	576
	578
	579
	580
	582
	583
	585
	586
	329
	587
	588
	589
	591
	592
	594
	119
	596
	597
	598
	600
	601
	602
	604
	605
	606
	608
	609
	611
	612
	614
	615
	617
	618
	620
	621
	623
	624
	626
	627
	629
	630
	631
	633
	634
	635
	637
	638
	639
	641
	642
	643
	645
	646
	648
	649
	650
	652
	653
	654
	656
	657
	659
	660
	662
	663
	664
	666
	667
	669
	670
	672
	673
	675
	676
	678
	679
	680
	682
	683
	684
	685
	687
	688
	689
	691
	692
	694
	695
	697
	698
	700
	701
	703
	704
	705
	706
	708
	709
	710
	712
	713
	714
	715
	717
	718
	720
	721
	723
	724
	726
	727
	728
	730
	731
	732
	734
	735
	737
	738
	740
	741
	743
	744
	746
	747
	748
	750
	751
	752
	754
	755
	756
	758
	759
	760
	762
	763
	764
	765
	767
	768
	769
	771
	772
	773
	775
	776
	778
	779
	780
	782
	783
	784
	786
	787
	789
	790
	792
	793
	795
	796
	798
	799
	801
	802
	804
	805
	807
	808
	512
	810
	811
	812
	813
	815
	816
	817
	818
	820
	821
	823
	824
	825
	827
	828
	829
	117
	831
	832
	834
	835
	837
	838
	839
	840
	841
	251
	843
	844
	294
	846
	847
	849
	850
	851
	853
	854
	855
	857
	858
	859
	861
	862
	864
	865
	867
	868
	870
	871
	873
	874
	876
	877
	878
	880
	881
	883
	884
	886
	887
	888
	890
	891
	893
	894
	896
	897
	898
	900
	901
	903
	904
	906
	907
	909
	910
	912
	913
	914
	916
	917
	919
	920
	922
	923
	925
	926
	151
	928
	929
	930
	932
	933
	935
	936
	938
	939
	940
	942
	943
	945
	946
	947
	949
	950
	952
	953
	954
	956
	957
	959
	960
	961
	963
	964
	966
	967
	969
	970
	972
	973
	975
	156
	977
	978
	980
	981
	983
	984
	986
	987
	989
	990
	992
	993
	994
	996
	997
	998
	1000
	1001
	1003
	1004
	1006
	1007
	1009
	1010
	1012
	1013
	1014
	1015
	1017
	1018
	1020
	1021
	1022
	1024
	1025
	1026
	1028
	159
	1030
	1031
	1033
	1034
	1036
	1037
	1039
	1040
	1041
	1042
	1043
	1044
	1045
	1047
	1048
	1050
	1051
	1053
	1054
	1055
	1057
	1058
	1059
	1061
	1062
	1063
	1065
	1066
	1068
	1069
	1070
	1071
	1073
	1074
	1076
	1077
	1079
	1080
	1082
	1083
	1084
	1086
	1087
	1088
	1090
	1091
	1092
	1094
	1095
	1096
	1098
	1099
	1101
	1102
	1103
	1105
	1106
	1107
	1109
	1110
	1112
	1113
	1115
	1116
	1118
	1119
	1120
	1121
	1122
	1123
	1125
	1126
	1128
	1129
	1131
	1132
	1134
	1135
	1137
	1138
	1140
	1141
	1143
	1144
	1146
	1147
	1149
	1150
	1152
	1153
	1155
	1156
	1158
	1159
	1161
	1162
	1164
	1165
	1167
	1168
	1170
	1171
	1172
	1174
	1175
	1177
	1178
	1179
	1181
	1182
	1184
	1185
	1187
	1188
	1190
	1191
	1193
	1194
	1196
	1197
	1199
	1200
	1202
	1203
	1205
	1206
	1208
	1209
	1211
	1212
	1214
	1215
	1216
	1218
	1219
	1221
	1222
	1224
	1225
	1227
	1228
	1230
	1231
	1233
	1234
	1236
	1237
	1239
	1240
	1241
	1242
	1243
	1245
	166
	1247
	1248
	1250
	1251
	1253
	1254
	1255
	1257
	1258
	1259
	1260
	1261
	1263
	1264
	1266
	1267
	1269
	1270
	1272
	1273
	1275
	1276
	1278
	1279
	1281
	1282
	1284
	1285
	1287
	1288
	1290
	1291
	1293
	1294
	1296
	1297
	1299
	1300
	1302
	1303
	1305
	1306
	1308
	1309
	1311
	1312
	1314
	1315
	1317
	1318
	1320
	1321
	1322
	1323
	1252
	1324
	1325
	1327
	1328
	1330
	1331
	1333
	1334
	1336
	1337
	1339
	1340
	1342
	1343
	1345
	1346
	1348
	1349
	1351
	1352
	1354
	1355
	1357
	1358
	1360
	1361
	1363
	1364
	1366
	1367
	1369
	1370
	1372
	1373
	210
	1374
	211
	1375
	212
	1376
	215
	1377
	216
	1378
	217
	1379
	1381
	1382
	1383
	1384
	1386
	1387
	1389
	1390
	1391
	1392
	1394
	1395
	1397
	1398
	73
	1400
	1402
	1403
	1405
	1406
	1407
	1408
	1410
	1411
	1413
	1414
	1416
	1417
	1419
	1420
	1422
	1423
	1425
	1426
	1427
	1428
	1430
	1431
	1433
	1434
	1436
	1437
	1439
	1440
	1442
	1443
	1445
	1446
	1448
	1449
	1451
	1452
	1454
	1455
	1456
	245
	1458
	1459
	248
	1460
	280
	255
	284
	1461
	220
	298
	1463
	1464
	1465
	95
	1466
	223
	233
	323
	1468
	287
	1469
	316
	1470
	326
	1472
	1473
	230
	359
	259
	362
	427
	105
	1474
	1475
	1476
	430
	239
	433
	1477
	271
	1478
	1479
	226
	445
	1480
	264
	1481
	1482
	1483
	451
	457
	436
	460
	448
	348
	463
	137
	333
	1484
	1485
	499
	475
	1486
	375
	1487
	384
	1488
	114
	516
	407
	522
	396
	1489
	1490
	1491
	392
	1492
	342
	539
	402
	546
	336
	555
	236
	558
	301
	1493
	562
	590
	345
	593
	356
	528
	595
	603
	267
	616
	550
	619
	309
	622
	290
	647
	625
	651
	628
	655
	305
	658
	525
	661
	466
	1494
	1495
	424
	671
	454
	690
	1496
	693
	1498
	699
	312
	702
	599
	707
	488
	711
	492
	674
	722
	725
	484
	607
	729
	613
	736
	716
	797
	584
	809
	814
	365
	819
	339
	822
	370
	565
	826
	830
	388
	665
	833
	1500
	845
	856
	414
	836
	863
	866
	1501
	610
	882
	696
	885
	889
	379
	892
	733
	895
	440
	899
	399
	902
	496
	905
	543
	908
	410
	918
	1502
	160
	1504
	948
	519
	761
	962
	1505
	921
	965
	794
	968
	418
	242
	971
	719
	974
	581
	976
	1506
	924
	872
	985
	753
	991
	742
	999
	955
	1008
	911
	1011
	869
	1016
	791
	1023
	1027
	508
	1032
	951
	1038
	577
	1046
	568
	1052
	842
	1067
	1075
	1072
	481
	739
	1078
	1081
	668
	1029
	632
	1085
	1049
	1104
	686
	848
	1108
	749
	1114
	1508
	1127
	573
	1133
	532
	1136
	1139
	982
	934
	503
	1142
	677
	1145
	1148
	915
	988
	757
	1151
	852
	1154
	1166
	1019
	1169
	937
	1173
	745
	1180
	421
	1183
	995
	777
	1186
	91
	1510
	1189
	766
	1192
	644
	941
	1507
	1201
	774
	1204
	319
	1207
	640
	781
	800
	1210
	958
	1213
	785
	1220
	770
	1229
	1163
	1232
	879
	1235
	1198
	1244
	636
	351
	1512
	479
	1509
	1223
	1268
	979
	1274
	1195
	1280
	1056
	931
	1283
	1238
	1117
	860
	471
	1249
	1289
	1304
	1256
	1271
	1100
	1307
	1160
	1130
	1089
	1511
	1005
	1217
	1313
	1319
	1246
	1277
	1035
	875
	1513
	1093
	1295
	1326
	788
	1332
	1335
	681
	1338
	803
	944
	1226
	1341
	1176
	1298
	1344
	1064
	927
	1347
	1002
	1350
	1292
	1329
	535
	1097
	1353
	1262
	1356
	1111
	1124
	1060
	806
	1359
	1157
	1316
	1362
	1365
	1301
	1265
	1368
	1310
	1371
	1286
	66
	234
	237
	256
	65
	726
	1391
	1427
	1439
	68
	246
	276
	302
	67
	1410
	70
	99
	240
	617
	69
	810
	1125
	1224
	1290
	1361
	1383
	1426
	1475
	72
	252
	393
	500
	71
	827
	858
	1069
	1101
	74
	1254
	1382
	1403
	76
	1381
	78
	277
	327
	485
	77
	831
	886
	80
	295
	422
	601
	79
	815
	893
	896
	912
	928
	938
	945
	952
	975
	997
	1061
	1177
	1218
	1247
	1263
	1300
	1312
	1317
	1330
	1384
	82
	227
	231
	282
	81
	320
	354
	363
	455
	472
	480
	536
	541
	547
	559
	626
	629
	633
	637
	684
	708
	714
	802
	804
	816
	824
	828
	837
	913
	925
	966
	980
	993
	1080
	1122
	1168
	1171
	1179
	1194
	1202
	1221
	1233
	1237
	1284
	1302
	1305
	1308
	1483
	84
	94
	221
	224
	83
	243
	269
	273
	314
	331
	343
	367
	372
	381
	404
	443
	476
	482
	489
	497
	505
	509
	563
	596
	670
	697
	731
	747
	750
	759
	771
	778
	795
	849
	861
	876
	929
	949
	964
	1014
	1028
	1131
	1150
	1209
	1276
	1386
	1394
	1431
	1454
	1456
	1470
	1485
	1495
	1501
	1504
	86
	222
	225
	229
	85
	274
	324
	340
	346
	349
	352
	530
	537
	642
	727
	734
	743
	751
	772
	850
	897
	906
	909
	994
	1123
	1188
	1206
	1273
	1288
	1387
	1389
	1408
	1414
	1417
	1465
	88
	150
	232
	235
	87
	241
	244
	258
	266
	286
	308
	321
	426
	449
	453
	458
	464
	542
	548
	597
	623
	630
	634
	638
	685
	689
	1021
	1055
	1182
	1185
	1297
	1390
	1420
	1460
	1464
	90
	247
	263
	270
	89
	311
	358
	469
	477
	486
	510
	588
	608
	659
	936
	1031
	1103
	1119
	1392
	1395
	1398
	1434
	1446
	1461
	1476
	1506
	1512
	92
	1054
	97
	322
	400
	413
	96
	102
	355
	357
	420
	104
	254
	300
	303
	307
	310
	315
	318
	368
	382
	394
	397
	431
	447
	527
	556
	592
	645
	740
	755
	768
	779
	783
	793
	799
	820
	834
	846
	854
	900
	987
	990
	1001
	1010
	1041
	1044
	1113
	1116
	1270
	1428
	1430
	1433
	1437
	1442
	1451
	1479
	107
	614
	109
	428
	111
	113
	1037
	116
	434
	118
	713
	841
	1458
	120
	441
	122
	746
	124
	582
	126
	446
	128
	450
	132
	452
	776
	134
	456
	459
	1463
	136
	461
	465
	138
	666
	140
	478
	903
	142
	483
	1468
	1469
	144
	517
	521
	146
	523
	148
	526
	153
	669
	167
	1190
	228
	283
	285
	289
	293
	297
	334
	494
	518
	524
	552
	570
	649
	653
	691
	700
	709
	717
	762
	812
	917
	956
	969
	1034
	1087
	1107
	1110
	1144
	1153
	1216
	1231
	1267
	1282
	1423
	1425
	1473
	1502
	238
	325
	328
	332
	335
	338
	341
	344
	347
	350
	353
	373
	377
	386
	390
	405
	408
	416
	429
	435
	438
	462
	533
	553
	574
	675
	678
	870
	873
	877
	880
	890
	923
	998
	1071
	1077
	1240
	1440
	1443
	1445
	1448
	1482
	1490
	249
	288
	587
	867
	883
	983
	1047
	1405
	250
	260
	415
	467
	504
	662
	1164
	1406
	1407
	1411
	253
	261
	278
	291
	330
	360
	366
	513
	641
	704
	811
	972
	1013
	1020
	1040
	1043
	1070
	1105
	1199
	1211
	1242
	1260
	1314
	1322
	1327
	1333
	1339
	1343
	1346
	1348
	1352
	1355
	1358
	1363
	1372
	1413
	257
	262
	265
	268
	272
	279
	292
	296
	299
	306
	317
	337
	371
	376
	380
	389
	403
	468
	493
	514
	529
	551
	569
	648
	652
	688
	705
	720
	724
	730
	737
	754
	767
	782
	978
	1073
	1086
	1090
	1118
	1129
	1147
	1156
	1161
	1191
	1196
	1215
	1245
	1251
	1261
	1278
	1367
	1416
	1419
	1422
	281
	600
	604
	683
	823
	1024
	1098
	1170
	1227
	1293
	1397
	1436
	304
	361
	364
	369
	374
	378
	383
	387
	391
	395
	398
	401
	406
	409
	412
	417
	419
	423
	439
	444
	473
	490
	501
	506
	560
	578
	585
	594
	605
	611
	620
	672
	679
	930
	939
	946
	1015
	1018
	1025
	1045
	1059
	1062
	1082
	1091
	1243
	1258
	1321
	1323
	1325
	1370
	1449
	1452
	1455
	1496
	313
	758
	853
	864
	1134
	1140
	385
	442
	703
	1255
	1400
	1402
	432
	943
	1057
	470
	474
	520
	545
	579
	789
	1159
	1466
	487
	491
	495
	498
	502
	507
	511
	515
	571
	887
	1472
	1498
	531
	534
	538
	566
	575
	807
	1096
	544
	933
	549
	554
	557
	561
	564
	567
	572
	576
	580
	583
	764
	808
	1051
	1084
	1337
	1474
	1510
	586
	960
	589
	857
	598
	602
	1007
	1477
	606
	609
	612
	615
	656
	1004
	1066
	1175
	1478
	618
	621
	624
	664
	840
	954
	961
	627
	631
	635
	639
	1480
	650
	654
	765
	1481
	657
	660
	818
	1493
	663
	667
	673
	676
	680
	844
	692
	695
	698
	701
	706
	710
	715
	718
	721
	694
	712
	1094
	1137
	1459
	723
	1484
	728
	732
	735
	738
	741
	744
	748
	752
	756
	760
	763
	769
	773
	775
	780
	784
	787
	790
	920
	801
	805
	813
	817
	821
	825
	829
	832
	835
	838
	839
	843
	847
	851
	855
	859
	862
	1486
	1487
	1488
	868
	871
	874
	878
	881
	1505
	888
	891
	894
	898
	901
	904
	907
	910
	914
	1489
	1491
	1492
	950
	953
	957
	959
	1494
	1500
	1508
	1083
	1088
	1128
	1132
	1374
	1375
	1376
	1377
	1378
	1379

14
	1
	2
	3
	4
	5
	6
	7
	8
	47
	50
	53
	56
	59
	62

25
	10
	12
	14
	16
	18
	20
	22
	24
	26
	28
	30
	32
	34
	36
	38
	40
	42
	44
	46
	48
	51
	54
	57
	60
	63
