
366
	0	1	1	4	287
	0	1	2	1	264
	0	1	3	1	260
	0	1	4	1	256
	0	1	5	1	252
	0	1	6	1	280
	0	1	7	1	276
	0	1	8	1	272
	0	1	9	1	268
	4	1	11	0	0
	-2	2	159	1	10
	4	1	13	0	0
	-1	2	118	1	12
	4	1	15	0	0
	3	1	77	1	14
	4	1	17	0	0
	3	1	145	1	16
	4	1	19	0	0
	3	1	144	1	18
	4	1	21	0	0
	3	1	143	1	20
	4	1	23	0	0
	3	1	142	1	22
	4	1	25	0	0
	3	1	121	1	24
	4	1	27	0	0
	3	1	120	1	26
	4	1	29	0	0
	3	1	119	1	28
	4	1	31	0	0
	3	1	118	1	30
	0	1	10	6	267
	-2	2	161	1	34
	4	1	33	0	0
	0	1	11	6	261
	-2	2	167	1	37
	4	1	36	0	0
	0	1	12	6	273
	-2	2	171	1	40
	4	1	39	0	0
	0	1	13	1	118
	-1	2	146	1	43
	4	1	42	0	0
	0	1	14	1	119
	-1	2	148	1	46
	4	1	45	0	0
	0	1	15	1	120
	-1	2	150	1	49
	4	1	48	0	0
	0	1	16	1	121
	-1	2	152	1	52
	4	1	51	0	0
	0	1	17	1	142
	-2	2	193	1	55
	4	1	54	0	0
	0	1	18	1	143
	-2	2	195	1	58
	4	1	57	0	0
	0	1	19	1	144
	-2	2	197	1	61
	4	1	60	0	0
	0	1	20	1	145
	-2	2	199	1	64
	4	1	63	0	0
	0	1	21	2	348
	-3	1	166	1	67
	4	1	66	0	0
	0	1	22	2	350
	-3	1	169	1	70
	4	1	69	0	0
	0	1	23	2	352
	-3	1	172	1	73
	4	1	72	0	0
	0	1	24	2	354
	-3	1	175	1	76
	4	1	75	0	0
	-3	1	78	5	217
	3	1	311	1	77
	-3	1	80	1	311
	3	1	35	1	79
	-3	1	82	1	11
	3	1	32	1	81
	-3	1	84	1	315
	3	1	35	1	83
	-3	1	86	1	320
	-3	1	89	1	85
	-3	1	88	2	370
	3	1	38	1	87
	3	1	38	1	86
	-3	1	91	2	360
	3	1	77	1	90
	-3	1	93	1	221
	-2	2	173	1	92
	-3	1	95	1	217
	3	1	364	1	94
	-3	1	97	1	225
	-2	2	177	1	96
	-3	1	99	3	323
	3	1	365	1	98
	-3	1	101	1	229
	-2	2	181	1	100
	-3	1	103	3	330
	3	1	366	1	102
	-3	1	105	3	337
	3	1	331	1	104
	-3	1	107	1	235
	-1	2	134	1	106
	-3	1	109	2	362
	-1	2	138	1	108
	-3	1	111	4	340
	-1	2	140	1	110
	-3	1	113	4	333
	-1	2	142	1	112
	-3	1	115	4	326
	-1	2	144	1	114
	-3	1	117	4	364
	3	1	1	1	116
	-3	1	41	6	253
	-3	1	44	6	247
	-3	1	47	6	241
	-3	1	50	4	237
	-3	1	123	1	217
	3	1	138	1	122
	-3	1	125	1	42
	-2	2	185	1	124
	-3	1	127	1	221
	3	1	138	1	126
	-3	1	129	1	45
	-2	2	187	1	128
	-3	1	131	1	225
	3	1	138	1	130
	-3	1	133	1	48
	-2	2	189	1	132
	-3	1	135	1	229
	3	1	138	1	134
	-3	1	137	1	51
	-2	2	191	1	136
	-3	1	139	8	291
	3	1	346	1	138
	-3	1	141	4	344
	3	1	346	1	140
	-3	1	53	3	234
	-3	1	56	3	231
	-3	1	59	3	228
	-3	1	62	6	222
	-3	1	147	1	252
	3	1	162	1	146
	-3	1	149	1	233
	-2	2	201	1	148
	-3	1	151	1	256
	3	1	162	1	150
	-3	1	153	1	237
	-2	2	203	1	152
	-3	1	155	1	260
	3	1	162	1	154
	-3	1	157	1	242
	-2	2	205	1	156
	-3	1	159	1	264
	3	1	162	1	158
	-3	1	161	1	247
	-2	2	207	1	160
	-3	1	163	8	305
	3	1	311	1	162
	-3	1	165	1	268
	3	1	176	1	164
	-2	2	209	1	66
	-3	1	168	1	272
	3	1	176	1	167
	-2	2	211	1	69
	-3	1	171	1	276
	3	1	176	1	170
	-2	2	213	1	72
	-3	1	174	1	280
	3	1	176	1	173
	-2	2	215	1	75
	-3	1	177	8	313
	3	1	349	1	176
	2	3	1	1	93
	3	1	98	1	178
	3	1	114	1	178
	3	1	118	1	178
	2	2	4	1	93
	1	3	98	1	182
	3	1	364	1	182
	2	2	6	1	364
	3	1	98	1	185
	1	2	101	1	185
	2	2	8	1	364
	3	1	114	1	188
	3	1	118	1	188
	2	3	10	1	97
	3	1	102	1	191
	3	1	112	1	191
	3	1	119	1	191
	2	2	13	1	97
	1	3	103	1	195
	3	1	365	1	195
	2	2	15	1	365
	3	1	102	1	198
	1	2	106	1	198
	2	2	17	1	365
	3	1	112	1	201
	3	1	119	1	201
	2	3	19	1	101
	3	1	104	1	204
	3	1	110	1	204
	3	1	120	1	204
	2	2	22	1	101
	1	3	108	1	208
	3	1	366	1	208
	2	2	24	1	366
	3	1	104	1	211
	1	2	111	1	211
	2	2	26	1	366
	3	1	110	1	214
	3	1	120	1	214
	2	2	28	1	125
	2	2	30	1	125
	3	1	138	1	218
	3	1	118	1	218
	2	2	32	1	129
	2	2	34	1	129
	3	1	138	1	222
	3	1	119	1	222
	2	2	36	1	133
	2	2	38	1	133
	3	1	138	1	226
	3	1	120	1	226
	2	2	40	1	137
	2	2	42	1	137
	3	1	138	1	230
	3	1	121	1	230
	2	2	44	1	54
	3	1	140	1	233
	2	2	46	1	54
	3	1	346	1	235
	2	2	48	1	57
	3	1	140	1	237
	2	2	50	1	57
	3	1	346	1	239
	3	1	142	1	239
	2	2	52	1	60
	3	1	140	1	242
	2	2	54	1	60
	3	1	346	1	244
	3	1	143	1	244
	2	2	56	1	63
	3	1	140	1	247
	2	2	58	1	63
	3	1	346	1	249
	3	1	144	1	249
	2	2	60	1	149
	2	2	62	1	149
	3	1	162	1	253
	3	1	142	1	253
	2	2	64	1	153
	2	2	66	1	153
	3	1	162	1	257
	3	1	143	1	257
	2	2	68	1	157
	2	2	70	1	157
	3	1	162	1	261
	3	1	144	1	261
	2	2	72	1	161
	2	2	74	1	161
	3	1	162	1	265
	3	1	145	1	265
	2	2	76	1	166
	2	2	78	1	166
	3	1	176	1	269
	3	1	65	1	269
	2	2	80	1	169
	2	2	82	1	169
	3	1	176	1	273
	3	1	68	1	273
	2	2	84	1	172
	2	2	86	1	172
	3	1	176	1	277
	3	1	71	1	277
	2	2	88	1	175
	2	2	90	1	175
	3	1	176	1	281
	3	1	74	1	281
	1	2	92	1	316
	3	1	32	1	284
	3	1	355	1	284
	1	2	94	1	322
	3	1	35	1	287
	3	1	360	1	287
	1	2	96	1	326
	3	1	38	1	290
	3	1	90	1	290
	3	1	98	1	183
	3	1	114	1	183
	3	1	118	1	183
	3	1	114	1	187
	3	1	118	1	187
	3	1	102	1	196
	3	1	112	1	196
	3	1	119	1	196
	3	1	112	1	200
	3	1	119	1	200
	3	1	104	1	209
	3	1	110	1	209
	3	1	120	1	209
	3	1	110	1	213
	3	1	120	1	213
	1	2	113	1	107
	3	1	108	1	308
	3	1	121	1	308
	-1	3	115	2	259
	3	1	38	1	311
	3	1	32	1	311
	3	1	32	1	13
	-2	2	165	1	13
	-1	2	120	1	33
	-1	2	122	1	316
	3	1	32	1	317
	3	1	355	1	317
	-1	2	124	2	368
	3	1	35	1	320
	-1	2	126	1	36
	-1	2	128	1	322
	3	1	35	1	323
	3	1	360	1	323
	-1	2	130	1	39
	-1	2	132	1	326
	3	1	38	1	327
	3	1	90	1	327
	3	1	331	1	107
	-1	2	136	2	285
	3	1	108	1	331
	3	1	121	1	331
	3	1	145	1	109
	3	1	74	1	109
	3	1	145	1	111
	3	1	71	1	111
	3	1	145	1	113
	3	1	68	1	113
	3	1	145	1	115
	3	1	65	1	115
	3	1	116	1	42
	3	1	116	1	45
	3	1	116	1	48
	3	1	116	1	51
	-2	2	154	6	299
	3	1	77	1	346
	3	1	349	1	346
	-2	3	156	2	321
	3	1	38	1	349
	3	1	35	1	349
	3	1	32	1	349
	3	1	320	1	11
	3	1	1	1	33
	-2	2	163	2	356
	3	1	77	1	355
	3	1	320	1	355
	3	1	87	1	315
	3	1	1	1	36
	-2	2	169	2	358
	3	1	77	1	360
	3	1	87	1	360
	3	1	1	1	39
	-2	2	175	2	279
	-2	2	179	2	281
	-2	2	183	2	283

371
	179
	180
	181
	183
	184
	186
	187
	189
	190
	192
	193
	194
	196
	197
	199
	200
	202
	203
	205
	206
	207
	209
	210
	212
	213
	215
	216
	122
	94
	219
	220
	126
	92
	223
	224
	130
	96
	227
	228
	134
	100
	231
	232
	234
	148
	236
	106
	238
	152
	240
	241
	243
	156
	245
	246
	248
	160
	250
	251
	146
	5
	254
	255
	150
	4
	258
	259
	154
	3
	262
	263
	158
	2
	266
	267
	164
	9
	270
	271
	167
	8
	274
	275
	170
	7
	278
	279
	173
	6
	282
	283
	285
	286
	288
	289
	291
	292
	293
	294
	295
	296
	297
	298
	299
	300
	301
	302
	303
	304
	305
	306
	307
	309
	310
	312
	79
	313
	314
	315
	284
	317
	318
	319
	321
	85
	287
	323
	324
	325
	290
	327
	328
	329
	308
	330
	332
	333
	334
	335
	336
	337
	338
	339
	340
	341
	342
	124
	343
	128
	344
	132
	345
	136
	347
	348
	350
	351
	352
	81
	353
	316
	354
	356
	357
	83
	358
	322
	359
	361
	362
	326
	363
	178
	182
	185
	188
	191
	195
	198
	201
	204
	208
	211
	214
	217
	218
	221
	222
	225
	226
	229
	230
	233
	235
	237
	239
	242
	244
	247
	249
	252
	253
	256
	257
	260
	261
	264
	265
	268
	269
	272
	273
	276
	277
	280
	281
	15
	91
	347
	356
	361
	17
	267
	334
	336
	338
	340
	19
	251
	263
	21
	246
	259
	23
	241
	255
	25
	232
	310
	333
	27
	207
	216
	228
	305
	307
	29
	194
	203
	224
	300
	302
	31
	181
	190
	220
	295
	297
	78
	163
	80
	84
	288
	321
	324
	351
	82
	285
	313
	314
	318
	352
	88
	89
	291
	312
	328
	350
	95
	184
	99
	197
	103
	210
	105
	330
	117
	354
	359
	363
	123
	127
	131
	135
	219
	223
	227
	231
	139
	141
	236
	240
	245
	250
	147
	151
	155
	159
	254
	258
	262
	266
	165
	168
	171
	174
	270
	274
	278
	282
	177
	348
	179
	186
	293
	180
	189
	294
	296
	192
	199
	298
	193
	202
	299
	301
	205
	212
	303
	206
	215
	304
	306
	234
	238
	243
	248
	271
	341
	275
	339
	279
	337
	283
	335
	286
	319
	289
	325
	292
	329
	309
	332
	342
	343
	344
	345
	353
	357
	358
	362

24
	1
	2
	3
	4
	5
	6
	7
	8
	9
	32
	35
	38
	41
	44
	47
	50
	53
	56
	59
	62
	65
	68
	71
	74

26
	11
	13
	15
	17
	19
	21
	23
	25
	27
	29
	31
	33
	36
	39
	42
	45
	48
	51
	54
	57
	60
	63
	66
	69
	72
	75
