
438
	0	1	1	4	267
	0	1	2	4	438
	0	1	3	1	268
	0	1	4	1	266
	0	1	5	1	380
	0	1	6	1	378
	0	1	7	1	265
	0	1	8	1	377
	0	1	9	1	375
	0	1	10	1	262
	0	1	11	1	273
	0	1	12	1	270
	0	1	13	1	271
	0	1	14	1	275
	0	1	15	1	274
	0	1	16	1	264
	0	1	17	1	277
	0	1	18	1	279
	0	1	19	1	198
	4	1	21	0	0
	-2	2	213	1	20
	4	1	23	0	0
	-3	1	199	1	22
	0	1	20	4	271
	-3	1	85	1	26
	4	1	25	0	0
	0	1	21	6	275
	-3	1	86	1	29
	4	1	28	0	0
	0	1	22	5	281
	-1	2	87	1	32
	4	1	31	0	0
	0	1	23	5	286
	-3	1	72	1	35
	4	1	34	0	0
	0	1	24	4	295
	-3	1	100	1	38
	4	1	37	0	0
	0	1	25	6	299
	-3	1	101	1	41
	4	1	40	0	0
	0	1	26	5	305
	-1	2	97	1	44
	4	1	43	0	0
	0	1	27	4	310
	-3	1	87	1	47
	4	1	46	0	0
	0	1	28	4	318
	-3	1	115	1	50
	4	1	49	0	0
	0	1	29	6	322
	-3	1	116	1	53
	4	1	52	0	0
	0	1	30	5	328
	-1	2	107	1	56
	4	1	55	0	0
	0	1	31	4	333
	-3	1	102	1	59
	4	1	58	0	0
	0	1	32	3	341
	-3	1	130	1	62
	4	1	61	0	0
	0	1	33	6	344
	-3	1	131	1	65
	4	1	64	0	0
	0	1	34	5	350
	-1	2	117	1	68
	4	1	67	0	0
	0	1	35	5	355
	-3	1	117	1	71
	4	1	70	0	0
	3	1	313	1	34
	-3	1	74	1	308
	3	1	305	1	73
	-3	1	76	1	393
	3	1	1	1	75
	-3	1	78	2	370
	3	1	24	1	77
	-3	1	80	1	218
	3	1	27	1	79
	-3	1	82	2	410
	3	1	30	1	81
	-3	1	84	1	313
	3	1	33	1	83
	-2	2	185	1	25
	-2	2	187	1	28
	3	1	323	1	46
	-3	1	89	1	318
	3	1	315	1	88
	-3	1	91	1	400
	-2	2	183	1	90
	-3	1	93	2	380
	3	1	36	1	92
	-3	1	95	1	232
	3	1	39	1	94
	-3	1	97	2	414
	3	1	42	1	96
	-3	1	99	1	323
	3	1	45	1	98
	-2	2	195	1	37
	-2	2	197	1	40
	3	1	333	1	58
	-3	1	104	1	328
	3	1	325	1	103
	-3	1	106	1	407
	-2	2	193	1	105
	-3	1	108	2	390
	3	1	48	1	107
	-3	1	110	1	246
	3	1	51	1	109
	-3	1	112	2	418
	3	1	54	1	111
	-3	1	114	1	333
	3	1	57	1	113
	-2	2	205	1	49
	-2	2	207	1	52
	3	1	343	1	70
	-3	1	119	1	338
	3	1	335	1	118
	-3	1	121	1	414
	-2	2	203	1	120
	-3	1	123	2	400
	3	1	60	1	122
	-3	1	125	1	260
	3	1	63	1	124
	-3	1	127	2	422
	3	1	66	1	126
	-3	1	129	1	343
	3	1	69	1	128
	-2	2	215	1	61
	-2	2	217	1	64
	-3	1	133	1	361
	3	1	350	1	132
	-3	1	135	1	147
	3	1	350	1	134
	-3	1	137	1	352
	3	1	33	1	136
	-3	1	139	1	278
	3	1	30	1	138
	-3	1	141	1	350
	3	1	27	1	140
	-3	1	143	1	279
	-1	2	127	1	142
	-3	1	145	1	264
	-1	2	129	1	144
	-3	1	147	1	274
	-1	2	131	1	146
	-3	1	149	1	369
	3	1	357	1	148
	-3	1	151	1	163
	3	1	357	1	150
	-3	1	153	1	361
	3	1	24	1	152
	-3	1	155	2	430
	3	1	45	1	154
	-3	1	157	1	272
	3	1	42	1	156
	-3	1	159	1	357
	3	1	39	1	158
	-3	1	161	1	270
	-1	2	137	1	160
	-3	1	163	1	273
	-1	2	139	1	162
	-3	1	165	1	359
	3	1	361	1	164
	-3	1	167	1	374
	3	1	365	1	166
	-3	1	169	1	181
	3	1	365	1	168
	-3	1	171	1	369
	3	1	36	1	170
	-3	1	173	2	434
	3	1	57	1	172
	-3	1	175	1	376
	3	1	54	1	174
	-3	1	177	1	365
	3	1	51	1	176
	-3	1	179	1	377
	-1	2	147	1	178
	-3	1	181	1	265
	-1	2	149	1	180
	-3	1	183	1	367
	3	1	369	1	182
	-3	1	185	1	374
	3	1	48	1	184
	-3	1	187	1	379
	3	1	69	1	186
	-3	1	189	1	372
	3	1	66	1	188
	-3	1	191	1	267
	3	1	63	1	190
	-3	1	193	1	269
	3	1	60	1	192
	-3	1	195	1	380
	-1	2	157	1	194
	-3	1	197	1	304
	3	1	1	1	196
	-3	1	19	1	304
	-2	3	248	1	23
	-3	1	201	1	203
	-1	2	173	1	200
	-3	1	203	1	386
	-1	4	175	1	202
	-3	1	205	1	199
	-2	2	261	1	204
	2	3	1	1	85
	3	1	77	1	206
	3	1	27	1	206
	3	1	390	1	206
	2	3	4	1	85
	3	1	308	1	210
	3	1	393	1	210
	3	1	24	1	210
	2	3	7	1	86
	3	1	393	1	214
	3	1	305	1	214
	3	1	27	1	214
	2	2	10	1	86
	3	1	390	1	218
	2	3	12	1	100
	3	1	92	1	220
	3	1	39	1	220
	3	1	397	1	220
	2	3	15	1	100
	3	1	318	1	224
	3	1	400	1	224
	3	1	36	1	224
	2	3	18	1	101
	3	1	400	1	228
	3	1	315	1	228
	3	1	39	1	228
	2	2	21	1	101
	3	1	397	1	232
	2	3	23	1	115
	3	1	107	1	234
	3	1	51	1	234
	3	1	404	1	234
	2	3	26	1	115
	3	1	328	1	238
	3	1	407	1	238
	3	1	48	1	238
	2	3	29	1	116
	3	1	407	1	242
	3	1	325	1	242
	3	1	51	1	242
	2	2	32	1	116
	3	1	404	1	246
	2	3	34	1	130
	3	1	122	1	248
	3	1	63	1	248
	3	1	411	1	248
	2	3	37	1	130
	3	1	338	1	252
	3	1	414	1	252
	3	1	60	1	252
	2	3	40	1	131
	3	1	414	1	256
	3	1	335	1	256
	3	1	63	1	256
	2	2	43	1	131
	3	1	411	1	260
	2	2	45	1	199
	-2	2	233	1	262
	2	2	47	1	382
	2	2	49	1	382
	2	2	51	1	385
	-2	2	241	1	266
	2	2	53	1	385
	-2	3	243	1	268
	2	2	55	1	383
	2	2	57	1	383
	-2	2	229	1	271
	2	2	59	1	384
	2	2	61	1	384
	2	2	63	1	387
	-2	2	227	1	275
	2	2	65	1	205
	-2	2	223	1	277
	2	2	67	1	205
	1	2	69	1	31
	3	1	81	1	280
	3	1	313	1	280
	1	2	71	1	31
	3	1	30	1	283
	3	1	310	1	283
	1	2	73	1	43
	3	1	96	1	286
	3	1	323	1	286
	1	2	75	1	43
	3	1	42	1	289
	3	1	320	1	289
	1	2	77	1	55
	3	1	111	1	292
	3	1	333	1	292
	1	2	79	1	55
	3	1	54	1	295
	3	1	330	1	295
	1	2	81	1	67
	3	1	126	1	298
	3	1	343	1	298
	1	2	83	1	67
	3	1	66	1	301
	3	1	340	1	301
	1	2	85	1	381
	-1	2	89	2	265
	3	1	30	1	305
	3	1	33	1	305
	-1	2	91	2	374
	3	1	27	1	308
	-1	2	93	2	412
	3	1	33	1	310
	3	1	393	1	310
	-1	2	95	2	263
	3	1	393	1	313
	-1	2	99	2	293
	3	1	42	1	315
	3	1	45	1	315
	-1	2	101	2	384
	3	1	39	1	318
	-1	2	103	2	416
	3	1	45	1	320
	3	1	400	1	320
	-1	2	105	2	291
	3	1	400	1	323
	-1	2	109	2	316
	3	1	54	1	325
	3	1	57	1	325
	-1	2	111	2	394
	3	1	51	1	328
	-1	2	113	2	420
	3	1	57	1	330
	3	1	407	1	330
	-1	2	115	2	314
	3	1	407	1	333
	-1	2	119	2	339
	3	1	66	1	335
	3	1	69	1	335
	-1	2	121	2	404
	3	1	63	1	338
	-1	2	123	2	424
	3	1	69	1	340
	3	1	414	1	340
	-1	2	125	2	337
	3	1	414	1	343
	3	1	1	1	143
	3	1	33	1	143
	3	1	27	1	145
	3	1	417	1	145
	3	1	24	1	147
	-1	2	133	2	360
	3	1	417	1	350
	-1	2	135	2	442
	3	1	1	1	352
	3	1	39	1	161
	3	1	423	1	161
	3	1	36	1	163
	-1	2	141	2	362
	3	1	423	1	357
	-1	2	143	2	444
	3	1	154	1	359
	-1	2	145	2	364
	3	1	51	1	179
	3	1	429	1	179
	3	1	48	1	181
	-1	2	151	2	366
	3	1	429	1	365
	-1	2	153	2	446
	3	1	172	1	367
	-1	2	155	2	368
	3	1	66	1	195
	3	1	436	1	195
	-1	2	159	2	450
	3	1	436	1	372
	-1	2	161	2	448
	-1	2	163	1	386
	-2	2	235	1	375
	-1	2	165	1	203
	-1	2	167	1	203
	-2	2	239	1	378
	-1	2	169	1	386
	-1	2	171	1	387
	-2	2	251	1	381
	-2	2	255	1	201
	-2	2	257	1	201
	-2	2	253	1	203
	-1	4	179	1	199
	-2	2	259	1	386
	3	1	77	1	91
	3	1	308	1	91
	-2	2	189	2	372
	3	1	81	1	390
	3	1	310	1	390
	-2	2	191	4	376
	3	1	2	1	393
	3	1	92	1	106
	3	1	318	1	106
	-2	2	199	2	382
	3	1	96	1	397
	3	1	320	1	397
	-2	2	201	4	386
	3	1	2	1	400
	3	1	107	1	121
	3	1	328	1	121
	-2	2	209	2	392
	3	1	111	1	404
	3	1	330	1	404
	-2	2	211	4	396
	3	1	2	1	407
	3	1	122	1	21
	3	1	338	1	21
	-2	2	219	2	402
	3	1	126	1	411
	3	1	340	1	411
	-2	2	221	4	406
	3	1	2	1	414
	3	1	352	1	278
	-2	2	225	2	426
	3	1	30	1	417
	3	1	352	1	417
	3	1	154	1	276
	3	1	361	1	276
	3	1	359	1	272
	-2	2	231	2	428
	3	1	42	1	423
	3	1	359	1	423
	3	1	172	1	263
	3	1	369	1	263
	3	1	367	1	376
	-2	2	237	2	432
	3	1	54	1	429
	3	1	367	1	429
	3	1	374	1	379
	3	1	372	1	267
	3	1	63	1	269
	3	1	372	1	269
	-2	2	246	2	436
	3	1	374	1	436
	3	1	69	1	436

451
	207
	208
	209
	211
	212
	213
	215
	216
	217
	79
	219
	221
	222
	223
	225
	226
	227
	229
	230
	231
	94
	233
	235
	236
	237
	239
	240
	241
	243
	244
	245
	109
	247
	249
	250
	251
	253
	254
	255
	257
	258
	259
	124
	261
	263
	10
	144
	16
	180
	7
	267
	4
	269
	3
	160
	12
	272
	13
	162
	11
	146
	15
	276
	14
	278
	17
	142
	18
	281
	282
	284
	285
	287
	288
	290
	291
	293
	294
	296
	297
	299
	300
	302
	303
	196
	198
	280
	283
	306
	307
	309
	73
	311
	312
	83
	314
	286
	289
	316
	317
	319
	88
	321
	322
	98
	324
	292
	295
	326
	327
	329
	103
	331
	332
	113
	334
	298
	301
	336
	337
	339
	118
	341
	342
	128
	344
	345
	346
	347
	348
	349
	134
	140
	351
	353
	136
	354
	355
	356
	150
	158
	358
	360
	164
	132
	152
	362
	363
	364
	168
	176
	366
	368
	182
	148
	170
	370
	371
	373
	188
	184
	166
	376
	9
	178
	8
	379
	6
	194
	5
	304
	382
	383
	384
	200
	377
	385
	378
	202
	387
	375
	380
	388
	389
	206
	210
	214
	218
	391
	392
	394
	75
	395
	396
	220
	224
	228
	232
	398
	399
	401
	90
	402
	403
	234
	238
	242
	246
	405
	406
	408
	105
	409
	410
	248
	252
	256
	260
	412
	413
	415
	120
	138
	416
	418
	419
	420
	421
	156
	422
	424
	425
	426
	427
	174
	428
	430
	431
	186
	432
	190
	433
	434
	435
	192
	437
	438
	386
	204
	262
	264
	265
	266
	268
	270
	271
	273
	274
	381
	275
	277
	279
	72
	282
	74
	216
	76
	197
	345
	353
	78
	153
	213
	349
	80
	141
	208
	217
	309
	347
	82
	139
	284
	306
	418
	84
	137
	307
	311
	346
	87
	288
	89
	230
	93
	171
	227
	356
	95
	159
	222
	231
	319
	354
	97
	157
	290
	316
	424
	99
	155
	317
	321
	102
	294
	104
	244
	108
	185
	241
	364
	110
	177
	236
	245
	329
	362
	112
	175
	296
	326
	430
	114
	173
	327
	331
	117
	300
	119
	258
	123
	193
	255
	125
	191
	250
	259
	339
	434
	127
	189
	302
	336
	370
	129
	187
	337
	341
	438
	133
	135
	149
	151
	165
	421
	167
	169
	183
	427
	207
	388
	209
	219
	211
	389
	212
	215
	312
	314
	221
	395
	223
	233
	225
	396
	226
	229
	322
	324
	235
	402
	237
	247
	239
	403
	240
	243
	332
	334
	249
	409
	251
	261
	253
	410
	254
	257
	342
	344
	281
	391
	285
	392
	287
	398
	291
	399
	293
	405
	297
	406
	299
	412
	303
	413
	348
	351
	355
	358
	360
	420
	363
	366
	368
	426
	371
	373
	394
	401
	408
	415
	416
	419
	422
	425
	428
	431
	432
	437
	433
	435

35
	1
	2
	3
	4
	5
	6
	7
	8
	9
	10
	11
	12
	13
	14
	15
	16
	17
	18
	19
	24
	27
	30
	33
	36
	39
	42
	45
	48
	51
	54
	57
	60
	63
	66
	69

18
	21
	23
	25
	28
	31
	34
	37
	40
	43
	46
	49
	52
	55
	58
	61
	64
	67
	70
